102 102
-1199 -1196 -1193 -1190 -1188 -1187 -1186 -1185 -1185 -1185 -1185 -1185
-1185 -1185 -1185 -1186 -1186 -1186 -1186 -1186 -1186 -1186 -1186 -1186
-1186 -1186 -1186 -1185 -1185 -1185 -1185 -1185 -1185 -1185 -1185 -1185
-1185 -1185 -1185 -1185 -1185 -1185 -1185 -1185 -1185 -1185 -1185 -1184
-1184 -1184 -1184 -1185 -1185 -1185 -1185 -1185 -1185 -1185 -1185 -1185
-1185 -1185 -1185 -1185 -1186 -1186 -1186 -1186 -1186 -1186 -1186 -1186
-1186 -1186 -1186 -1185 -1185 -1185 -1185 -1185 -1185 -1185 -1185 -1185
-1184 -1184 -1184 -1184 -1184 -1184 -1184 -1184 -1184 -1184 -1184 -1185
-1186 -1188 -1190 -1193 -1196 -1199 
-1196 -1151 -1106 -1068 -1040 -1019 -1007 -999 -995 -995 -997 -999 -1001
-1004 -1005 -1005 -1005 -1005 -1005 -1005 -1005 -1006 -1006 -1008 -1009
-1009 -1007 -1004 -1001 -998 -996 -996 -997 -999 -999 -1000 -1000 -1000
-1000 -999 -998 -997 -996 -996 -996 -996 -995 -992 -991 -991 -993 -996
-1000 -1003 -1004 -1003 -1000 -998 -998 -998 -998 -999 -1001 -1004 -1007
-1010 -1012 -1013 -1013 -1013 -1014 -1014 -1013 -1012 -1009 -1006 -1003
-1001 -1000 -999 -999 -999 -998 -996 -993 -991 -990 -990 -990 -990 -990
-989 -988 -989 -993 -1001 -1016 -1037 -1066 -1104 -1150 -1196 
-1193 -1106 -1020 -949 -896 -859 -835 -820 -814 -814 -817 -823 -829 -833
-836 -836 -836 -836 -836 -836 -836 -836 -837 -839 -842 -842 -839 -833 -826
-820 -817 -817 -820 -823 -826 -827 -827 -827 -826 -824 -821 -819 -816 -816
-816 -815 -812 -806 -802 -801 -805 -812 -821 -828 -831 -830 -824 -819 -817
-817 -819 -820 -823 -828 -835 -841 -845 -848 -848 -849 -850 -850 -850 -847
-842 -837 -831 -828 -825 -824 -823 -823 -822 -818 -813 -808 -806 -805 -806
-807 -805 -803 -801 -803 -810 -825 -851 -890 -945 -1017 -1104 -1193 
-1190 -1069 -950 -854 -781 -731 -699 -680 -671 -672 -679 -689 -697 -704
-709 -710 -710 -710 -709 -707 -706 -706 -707 -710 -714 -716 -713 -705 -694
-685 -681 -683 -687 -692 -694 -695 -695 -695 -694 -693 -689 -682 -677 -674
-674 -672 -665 -654 -644 -640 -646 -659 -676 -691 -699 -698 -690 -678 -673
-673 -676 -676 -680 -687 -697 -706 -713 -717 -719 -721 -723 -725 -725 -722
-715 -708 -701 -696 -692 -691 -689 -690 -689 -685 -678 -669 -664 -664 -667
-668 -665 -658 -652 -653 -663 -685 -720 -773 -848 -946 -1067 -1190 
-1188 -1042 -899 -783 -697 -638 -602 -575 -561 -563 -575 -589 -605 -617
-626 -629 -629 -627 -624 -619 -617 -613 -614 -618 -626 -634 -632 -622 -608
-593 -584 -586 -593 -601 -605 -602 -599 -600 -601 -601 -595 -583 -567 -564
-561 -562 -548 -526 -504 -496 -507 -527 -554 -585 -603 -608 -597 -580 -560
-560 -566 -564 -564 -572 -586 -599 -614 -624 -629 -632 -637 -642 -645 -642
-633 -621 -612 -603 -598 -594 -594 -593 -596 -592 -583 -567 -551 -559 -565
-563 -561 -547 -533 -534 -550 -577 -623 -686 -775 -893 -1038 -1188 
-1187 -1022 -864 -736 -639 -569 -515 -474 -452 -442 -457 -485 -514 -546
-566 -574 -573 -568 -555 -554 -539 -539 -525 -537 -557 -578 -587 -572 -536
-509 -482 -479 -491 -512 -521 -514 -500 -502 -509 -508 -503 -480 -448 -432
-436 -426 -425 -392 -362 -344 -354 -380 -422 -468 -524 -538 -527 -498 -467
-450 -446 -453 -444 -457 -467 -492 -525 -557 -567 -575 -579 -589 -596 -594
-581 -559 -530 -519 -500 -499 -487 -498 -492 -502 -476 -452 -435 -434 -445
-460 -447 -425 -414 -417 -441 -482 -547 -624 -723 -854 -1017 -1186 
-1186 -1009 -839 -705 -603 -512 -427 -366 -325 -314 -314 -342 -391 -436
-476 -493 -493 -484 -476 -454 -455 -430 -428 -422 -454 -502 -535 -533 -477
-410 -366 -337 -359 -379 -397 -391 -386 -368 -378 -385 -368 -348 -312 -277
-274 -279 -263 -245 -206 -187 -185 -213 -261 -326 -397 -473 -468 -434 -384
-346 -323 -311 -319 -320 -341 -372 -419 -478 -519 -512 -515 -528 -546 -544
-521 -479 -440 -396 -389 -369 -361 -357 -374 -351 -350 -305 -287 -292 -302
-309 -316 -297 -286 -300 -332 -398 -483 -577 -683 -824 -1001 -1185 
-1185 -999 -821 -682 -578 -466 -357 -264 -203 -170 -167 -185 -229 -283 -326
-360 -364 -363 -342 -342 -314 -311 -281 -283 -305 -365 -431 -456 -419 -323
-238 -195 -183 -219 -231 -244 -227 -222 -207 -221 -212 -184 -158 -119 -99
-103 -99 -74 -54 -27 -22 -50 -95 -167 -258 -352 -437 -397 -322 -247 -197
-176 -170 -187 -208 -250 -316 -392 -456 -453 -427 -432 -456 -470 -438 -382
-318 -271 -238 -236 -217 -207 -200 -207 -167 -151 -119 -131 -142 -152 -168
-171 -165 -188 -240 -323 -423 -532 -650 -803 -990 -1184 
-1184 -992 -808 -663 -553 -440 -311 -183 -95 -45 -19 -27 -52 -100 -148 -184
-206 -192 -198 -178 -171 -144 -140 -116 -137 -183 -256 -318 -299 -229 -134
-53 -18 -31 -66 -68 -66 -46 -46 -29 -43 -25 13 45 59 68 69 82 102 120 119
98 47 -31 -136 -261 -361 -392 -275 -153 -81 -44 -41 -51 -88 -143 -227 -325
-390 -388 -338 -310 -323 -351 -343 -277 -196 -135 -106 -79 -68 -52 -37 -16
-10 26 29 38 16 -8 -29 -46 -59 -95 -162 -256 -369 -490 -627 -789 -983 -1184 
-1184 -987 -798 -647 -529 -406 -265 -129 -8 68 102 124 105 80 34 -2 -16 -33
-20 -25 -4 11 23 33 35 -2 -58 -115 -145 -92 -24 63 125 137 114 94 100 116
137 134 149 139 159 191 216 216 223 228 239 247 239 209 153 64 -62 -207
-317 -354 -208 -65 25 66 77 56 13 -68 -172 -286 -346 -326 -254 -188 -171
-193 -216 -182 -91 -23 28 57 81 90 118 144 161 164 188 175 150 119 90 65 32
-20 -97 -204 -328 -461 -614 -781 -980 -1183 
-1184 -984 -791 -634 -506 -369 -229 -80 51 150 209 237 250 222 204 176 158
142 135 146 148 159 176 180 186 175 133 77 52 45 110 179 237 269 276 259
257 266 290 306 296 306 298 320 340 352 350 351 353 344 323 279 208 101 -38
-200 -334 -261 -119 31 119 164 165 143 79 -20 -160 -270 -325 -284 -186 -89
-35 -34 -53 -57 -10 74 135 177 201 226 245 275 298 305 299 298 261 224 190
159 112 39 -53 -173 -307 -458 -610 -781 -979 -1183 
-1184 -983 -790 -631 -494 -347 -193 -47 93 204 283 336 359 356 336 329 310
301 290 290 296 297 305 319 320 330 304 262 212 214 232 284 338 374 399 404
394 407 422 435 441 429 437 437 446 455 456 444 427 400 357 293 202 82 -74
-217 -294 -176 -13 122 206 236 239 200 119 -12 -157 -295 -337 -269 -145 -23
59 99 101 92 97 147 221 270 306 332 360 384 402 412 406 378 352 308 269 230
168 78 -41 -171 -325 -474 -624 -785 -981 -1184 
-1184 -984 -791 -633 -499 -351 -187 -29 115 237 336 404 446 461 456 444 443
432 430 421 410 421 427 431 450 451 451 420 380 352 362 386 427 467 489 507
515 517 536 545 545 545 537 538 535 534 524 500 457 400 329 242 135 1 -122
-236 -135 -35 94 206 273 297 284 232 129 -23 -199 -348 -372 -287 -146 -5
112 182 218 222 222 242 285 346 385 422 446 472 488 491 483 452 412 373 336
281 201 89 -45 -216 -380 -527 -639 -790 -982 -1184 
-1184 -987 -798 -644 -516 -369 -207 -39 116 253 361 446 506 537 547 544 543
544 534 529 518 515 527 537 551 561 560 550 518 487 471 485 515 542 572 586
601 615 623 632 632 624 624 614 605 588 562 512 442 352 241 130 18 -74 -172
-71 17 128 212 281 324 331 305 240 119 -59 -283 -392 -413 -333 -192 -32 110
222 286 317 331 340 368 398 451 486 518 539 553 553 537 506 468 428 377 310
212 83 -86 -272 -443 -544 -646 -791 -982 -1184 
-1184 -991 -806 -659 -539 -402 -238 -71 94 237 366 468 539 588 610 617 621
624 623 613 607 604 607 624 631 641 647 643 625 599 577 576 589 616 634 656
671 687 695 700 698 692 681 672 650 620 569 495 394 268 158 20 -57 -101 -5
73 174 250 307 340 352 341 300 222 95 -126 -306 -405 -407 -374 -258 -102 66
206 310 369 405 427 442 469 503 543 570 592 599 597 581 551 513 466 404 316
209 65 -120 -293 -422 -524 -637 -788 -980 -1184 
-1184 -995 -815 -675 -567 -443 -292 -118 53 212 351 466 553 611 650 668 678
684 685 686 676 673 679 687 697 704 711 709 703 685 669 655 664 675 693 706
726 743 751 750 748 740 726 708 678 632 565 463 336 214 105 103 67 82 138
222 283 332 362 373 364 335 287 200 32 -113 -305 -337 -332 -339 -314 -176
-18 152 281 379 437 476 500 521 550 582 611 629 635 629 614 584 542 494 415
328 209 52 -92 -233 -369 -494 -625 -784 -980 -1184 
-1185 -999 -823 -690 -592 -488 -348 -180 1 171 328 452 548 620 669 698 714
724 731 733 728 726 729 737 744 751 756 758 754 745 731 726 719 730 734 751
767 780 787 788 782 771 757 732 696 641 560 453 331 229 230 224 240 247 274
312 350 372 384 383 367 334 276 177 47 -174 -230 -196 -206 -233 -259 -251
-101 53 223 340 428 481 517 546 576 607 635 652 659 654 635 602 566 506 440
343 221 94 -48 -186 -325 -470 -619 -784 -980 -1184 
-1185 -1001 -828 -699 -609 -531 -407 -242 -59 125 290 428 536 616 672 709
732 746 755 758 758 756 761 765 773 778 783 784 782 776 769 760 759 758 768
776 793 804 808 804 795 785 769 746 708 653 581 490 404 355 344 350 348 346
346 354 367 376 380 379 364 335 286 205 50 -132 -89 -76 -52 -89 -140 -175
-187 -29 118 265 361 431 487 532 576 615 645 664 671 664 647 617 575 527
456 365 258 127 -13 -166 -328 -479 -627 -789 -983 -1184 
-1185 -1001 -829 -701 -618 -551 -455 -295 -108 86 254 404 515 602 664 707
735 751 759 762 763 763 766 771 779 784 786 785 781 774 767 760 755 758 770
787 802 814 815 802 788 775 762 743 715 671 610 546 489 455 430 416 397 376
361 352 355 360 365 369 364 345 310 239 104 24 -83 65 89 59 9 -43 -87 -118
23 130 239 334 417 491 559 610 647 665 669 660 642 614 581 534 471 386 276
141 -20 -193 -364 -521 -641 -795 -986 -1184 
-1185 -999 -825 -695 -611 -546 -448 -315 -137 53 237 375 500 586 653 700
725 738 741 743 744 745 747 755 761 766 764 758 749 735 723 712 702 711 736
767 796 812 809 786 755 738 728 722 707 677 635 589 545 503 468 431 400 371
346 339 338 342 350 359 364 354 327 263 140 -34 77 158 197 180 146 99 43 1
-58 12 119 249 358 464 542 606 641 661 654 638 614 590 561 524 470 390 277
127 -51 -233 -413 -529 -651 -799 -988 -1184 
-1185 -997 -819 -685 -595 -511 -410 -275 -122 41 213 369 481 579 643 686
704 706 703 701 701 704 709 720 727 727 719 706 687 668 644 617 604 629 679
735 779 803 799 767 713 675 670 676 680 668 641 601 555 509 458 415 382 355
350 347 343 338 344 356 364 357 328 257 145 -22 108 206 263 265 249 223 182
130 92 65 150 256 372 461 546 601 641 650 632 592 559 529 509 486 446 375
264 105 -68 -249 -390 -526 -645 -799 -988 -1184 
-1185 -996 -816 -677 -572 -470 -347 -212 -70 78 220 361 484 566 632 665 670
657 643 638 641 645 661 674 678 672 660 634 609 577 541 509 502 562 636 710
768 795 791 749 687 608 602 611 632 634 617 580 535 481 428 389 364 367 368
367 361 352 351 360 363 349 307 244 109 139 47 200 263 312 323 314 301 275
248 245 268 337 420 496 554 605 632 637 607 539 461 430 416 415 398 342 242
114 -47 -206 -362 -499 -638 -796 -987 -1184 
-1185 -997 -817 -676 -566 -447 -308 -155 -12 131 262 380 481 567 617 637
622 592 568 558 557 583 605 619 616 608 584 558 516 486 452 437 472 544 638
715 766 794 789 750 674 607 538 554 563 577 565 536 489 440 397 372 383 388
391 385 375 367 364 364 359 329 284 200 240 209 178 102 242 327 368 383 386
386 385 384 393 427 474 522 562 593 618 620 584 497 368 275 285 320 318 288
220 109 -30 -186 -345 -495 -635 -797 -988 -1184 
-1185 -999 -821 -683 -576 -456 -308 -146 20 160 296 403 493 564 604 602 562
515 479 461 485 519 550 551 549 531 515 475 448 420 427 471 511 581 660 728
776 798 791 750 692 606 544 492 505 507 506 479 445 399 383 394 404 409 401
387 376 370 372 370 353 314 248 275 293 291 214 140 228 335 393 428 448 461
470 472 476 486 498 514 537 563 593 603 570 481 325 151 154 164 203 204 159
70 -58 -212 -368 -512 -647 -801 -989 -1184 
-1185 -1001 -826 -692 -588 -479 -335 -167 1 165 301 412 495 556 585 568 505
432 388 385 425 475 491 489 469 465 441 419 405 440 476 519 570 624 685 740
783 801 792 757 693 625 537 486 452 458 452 443 413 407 409 417 422 414 394
371 356 360 368 366 351 309 272 301 332 321 251 187 249 338 407 455 488 508
518 516 503 482 465 459 470 515 561 584 563 487 349 186 -5 15 44 72 49 -17
-128 -278 -425 -557 -666 -810 -993 -1184 
-1185 -1002 -829 -697 -597 -493 -363 -200 -26 138 284 400 485 539 557 533
453 360 314 346 416 448 448 420 406 397 402 391 431 465 500 537 582 635 692
745 781 799 791 751 701 625 550 476 452 440 440 432 437 434 434 431 421 399
372 343 338 346 355 361 351 320 296 316 348 340 299 243 265 346 413 470 512
536 541 522 476 419 371 350 389 457 524 561 557 502 398 231 58 -119 -111
-103 -104 -135 -236 -358 -499 -584 -683 -817 -996 -1185 
-1185 -1003 -830 -697 -599 -505 -368 -218 -46 118 260 379 465 515 529 494
409 320 289 362 419 440 411 376 357 360 368 411 443 466 482 497 553 618 682
736 776 795 788 756 699 635 555 510 481 471 461 463 463 459 443 419 398 374
348 344 336 336 347 354 349 332 318 338 361 365 339 305 311 351 421 479 526
551 546 505 414 305 233 228 302 403 483 535 542 510 432 308 135 -31 -211
-273 -242 -278 -332 -451 -511 -595 -686 -820 -998 -1185 
-1185 -1002 -829 -695 -595 -493 -366 -205 -53 115 253 364 446 492 497 453
369 285 314 372 425 428 398 362 343 346 377 407 428 442 430 479 539 607 670
729 770 791 788 760 712 648 600 559 534 515 502 491 479 459 427 397 367 359
365 357 352 338 340 347 348 337 344 366 386 390 378 371 366 390 433 491 535
559 546 483 370 195 99 134 236 345 437 492 516 504 455 362 229 60 -109 -238
-351 -355 -421 -436 -507 -580 -679 -817 -997 -1185 
-1185 -1003 -829 -694 -588 -476 -347 -199 -31 113 257 362 434 472 465 412
330 272 312 379 414 412 387 362 350 357 374 382 394 386 460 507 558 616 674
724 764 786 785 764 725 683 643 609 576 548 520 494 466 434 406 374 383 392
398 395 375 347 329 334 343 350 363 390 416 422 427 422 428 442 470 509 547
564 546 484 360 203 32 70 163 278 364 428 465 475 448 388 291 162 14 -148
-272 -367 -362 -396 -462 -555 -663 -811 -994 -1184 
-1185 -1005 -833 -697 -593 -482 -347 -194 -40 123 253 356 422 449 434 372
298 260 313 367 388 387 367 355 353 354 349 344 330 415 482 545 589 632 681
724 758 778 776 758 728 697 665 632 596 554 508 466 427 403 383 405 423 440
443 431 400 358 322 320 343 361 379 412 444 465 471 479 480 494 511 534 555
563 548 494 398 255 121 -1 87 165 259 328 383 411 407 374 316 228 111 -24
-141 -218 -269 -325 -416 -522 -648 -803 -991 -1184 
-1186 -1009 -839 -705 -606 -510 -382 -227 -65 96 230 330 392 418 399 337
261 271 308 342 357 349 338 331 329 317 302 278 345 413 486 539 583 625 670
716 748 765 759 738 711 682 657 632 597 546 485 423 400 393 421 444 476 488
483 460 419 364 323 316 338 365 398 429 472 502 518 523 529 532 539 545 547
547 532 494 427 331 214 108 -23 47 113 199 263 296 311 312 294 247 173 76
-17 -101 -178 -267 -377 -502 -636 -798 -989 -1184 
-1186 -1013 -847 -716 -623 -546 -437 -287 -122 29 174 275 344 380 375 320
256 264 288 306 307 300 295 288 278 269 239 272 323 390 437 479 515 571 629
685 728 747 740 709 675 649 628 614 584 537 473 454 442 452 473 502 521 526
508 475 425 368 327 336 356 383 412 453 496 533 556 562 560 551 536 519 507
491 478 454 415 362 288 180 69 -77 -18 34 94 131 163 197 215 215 178 115 36
-47 -137 -244 -364 -494 -635 -797 -989 -1184 
-1186 -1016 -854 -727 -640 -576 -493 -364 -211 -49 87 200 289 345 365 336
290 247 260 256 248 249 245 246 236 240 263 253 296 328 359 374 421 485 566
641 696 723 719 686 642 609 601 590 574 540 515 504 511 524 533 547 553 540
509 465 412 365 337 363 398 421 441 474 520 557 581 584 569 535 488 445 407
384 362 347 332 323 299 242 134 20 -142 -116 -90 -76 -28 23 93 124 119 80
13 -68 -160 -266 -387 -514 -646 -801 -990 -1184 
-1187 -1019 -859 -735 -650 -594 -530 -433 -291 -136 13 142 247 332 370 367
331 287 233 219 218 223 230 240 275 299 308 312 282 290 297 309 340 417 511
597 659 698 706 680 640 603 578 576 569 566 561 563 568 577 581 573 557 527
483 431 387 347 362 400 440 466 485 506 544 580 598 595 560 489 396 316 260
219 190 159 168 204 240 232 188 88 -32 -200 -245 -204 -252 -142 -66 -5 2
-27 -83 -158 -240 -336 -440 -553 -658 -805 -991 -1184 
-1187 -1021 -862 -739 -656 -603 -554 -463 -346 -196 -43 102 232 330 386 399
377 324 270 249 260 272 287 310 334 357 371 368 359 353 358 356 353 403 482
567 635 683 700 686 649 608 579 566 575 590 602 606 609 608 598 574 536 487
433 394 360 373 400 442 486 515 531 552 572 599 615 600 545 454 318 221 152
98 48 7 -20 53 98 142 168 137 49 -54 -142 -254 -237 -281 -192 -154 -147
-176 -238 -284 -352 -419 -502 -561 -663 -804 -989 -1184 
-1187 -1021 -862 -739 -656 -605 -559 -488 -362 -232 -73 84 225 334 401 428
415 371 322 313 322 334 346 361 376 391 403 413 420 428 439 440 444 446 499
564 628 679 700 689 655 617 586 571 584 611 629 634 628 615 589 552 496 440
383 372 398 420 452 492 534 560 577 590 609 624 628 608 549 451 369 304 250
191 141 84 41 -65 -88 24 72 107 99 68 5 -54 -133 -186 -283 -253 -273 -341
-333 -392 -421 -457 -484 -558 -654 -800 -987 -1184 
-1187 -1020 -860 -737 -653 -603 -557 -478 -372 -217 -74 81 223 336 413 449
446 412 377 368 371 373 373 376 382 389 400 414 432 456 481 504 514 525 539
587 642 683 698 687 654 619 591 579 602 630 647 647 627 596 560 508 458 397
404 425 450 483 511 542 571 596 610 622 634 644 641 619 572 517 467 434 395
356 305 256 176 83 -4 -123 -51 -7 50 101 109 84 29 -61 -153 -281 -317 -298
-354 -328 -352 -389 -446 -530 -643 -794 -986 -1184 
-1187 -1018 -857 -733 -650 -596 -539 -458 -332 -201 -38 99 233 344 422 463
470 450 422 410 401 386 375 364 364 364 371 384 402 437 481 520 552 572 593
621 659 687 695 678 644 609 587 603 625 649 660 648 616 563 509 466 415 437
456 485 514 536 558 579 598 614 624 634 643 650 649 635 611 579 551 526 508
480 446 396 335 251 137 26 -138 -156 -35 42 116 137 117 63 -24 -110 -160
-185 -194 -222 -253 -315 -404 -511 -638 -795 -987 -1184 
-1186 -1016 -854 -729 -645 -587 -516 -422 -302 -155 -15 129 246 355 428 473
486 476 455 437 416 393 363 348 341 341 340 350 373 412 459 509 552 588 617
647 674 691 692 670 629 594 600 620 648 667 667 643 599 536 462 428 461 483
518 541 557 571 580 590 600 607 612 619 629 639 645 643 632 615 598 585 571
558 533 498 447 380 293 167 50 -46 -159 -43 29 98 118 103 67 22 -20 -50 -81
-129 -196 -287 -400 -523 -650 -802 -990 -1184 
-1186 -1015 -851 -725 -639 -579 -498 -385 -261 -121 18 143 266 355 432 476
493 487 473 450 424 391 363 341 334 333 337 345 367 404 446 491 536 578 618
650 678 694 690 665 624 593 606 638 664 677 667 632 583 519 470 476 506 539
563 578 578 575 569 569 572 575 575 581 594 613 628 636 629 616 606 599 597
590 576 549 514 466 398 312 218 89 -39 -179 -86 -25 29 46 46 37 19 -10 -51
-113 -204 -319 -439 -562 -668 -812 -994 -1184 
-1186 -1013 -849 -722 -635 -571 -493 -374 -226 -87 47 169 273 364 425 469
487 488 474 450 421 388 363 347 347 350 355 367 385 419 453 485 520 557 596
634 668 687 685 662 623 596 613 648 673 674 653 619 572 532 519 527 552 579
593 593 575 550 532 521 522 522 524 533 551 580 611 617 605 589 578 579 583
586 580 566 542 509 464 406 328 218 65 -87 -225 -162 -143 -107 -79 -58 -56
-75 -115 -176 -274 -382 -504 -583 -680 -817 -996 -1185 
-1186 -1013 -848 -719 -632 -566 -487 -375 -225 -67 73 189 286 367 422 452
471 473 464 440 411 382 361 355 360 370 383 394 412 433 458 479 503 526 556
593 634 664 671 657 622 601 623 657 673 661 628 597 571 557 560 573 592 605
606 589 554 510 473 463 457 464 467 483 513 561 592 597 575 543 531 528 541
551 555 550 535 513 488 452 397 310 180 11 -146 -261 -280 -284 -227 -223
-206 -219 -234 -294 -351 -457 -507 -587 -678 -816 -996 -1185 
-1186 -1012 -847 -717 -628 -562 -475 -361 -225 -70 79 200 299 366 408 431
443 449 445 426 400 371 353 348 360 378 396 410 422 434 444 458 468 475 488
526 575 625 653 647 626 611 634 665 671 643 600 567 563 573 593 612 622 624
608 577 533 484 441 402 411 403 402 446 501 544 575 582 560 515 471 475 477
495 510 515 505 488 473 461 436 376 277 134 -7 -112 -186 -241 -307 -323
-340 -317 -375 -365 -425 -429 -490 -560 -665 -810 -994 -1184 
-1186 -1012 -845 -715 -621 -546 -455 -332 -192 -55 78 208 302 365 396 407
413 421 423 412 391 361 334 327 339 361 385 400 409 411 416 418 413 402 416
447 512 581 629 643 630 642 659 678 673 632 578 548 554 587 619 641 647 635
607 567 530 496 463 434 370 350 393 430 481 524 557 569 551 509 460 424 428
436 461 478 471 449 438 441 441 418 353 260 163 73 -5 -83 -148 -211 -258
-335 -327 -383 -358 -388 -445 -535 -650 -803 -990 -1184 
-1186 -1010 -842 -709 -612 -526 -415 -287 -143 -6 112 210 308 365 384 383
384 388 398 400 386 357 321 301 301 326 347 364 369 367 362 363 353 329 342
386 466 548 613 644 661 677 699 707 682 627 576 541 558 599 642 666 665 642
600 560 525 497 481 453 423 393 351 406 441 495 533 549 543 511 466 421 393
404 433 450 439 409 393 400 424 432 408 359 299 232 163 99 40 -20 -89 -143
-203 -236 -276 -314 -400 -509 -637 -794 -986 -1184 
-1185 -1006 -836 -703 -604 -506 -383 -239 -87 58 167 256 322 377 384 373
363 363 378 387 387 361 331 307 305 294 300 326 318 318 317 315 313 324 326
371 442 535 616 671 696 722 739 739 703 642 579 544 566 614 662 684 678 643
597 537 494 467 454 456 445 415 376 340 406 459 500 524 530 511 470 421 386
389 411 426 415 383 351 362 395 428 436 420 386 341 287 236 193 143 89 28
-35 -98 -162 -247 -357 -486 -621 -785 -981 -1184 
-1185 -999 -825 -694 -599 -499 -369 -204 -43 108 232 317 376 397 406 382
372 368 361 378 382 376 348 340 330 309 304 302 329 340 340 340 351 360 382
403 461 541 635 704 748 769 785 771 722 658 590 551 578 635 680 702 688 648
591 519 440 393 405 419 425 406 360 313 356 417 467 500 511 497 465 418 385
375 391 401 392 364 338 332 375 415 440 442 425 393 353 318 283 248 203 149
83 6 -82 -191 -316 -455 -605 -773 -975 -1183 
-1184 -989 -809 -680 -595 -510 -372 -208 -21 140 282 382 437 460 441 424
402 383 373 360 375 380 375 373 374 364 345 350 368 398 408 409 422 441 456
482 528 597 670 752 802 830 831 805 741 661 595 561 607 662 708 722 702 654
584 506 416 348 344 365 377 369 325 288 320 388 439 471 481 471 447 412 375
365 366 372 364 345 319 329 362 404 430 437 425 399 366 335 311 285 251 202
139 58 -45 -159 -290 -434 -591 -766 -972 -1183 
-1183 -976 -785 -651 -574 -512 -402 -239 -51 149 309 437 511 528 523 487
456 425 393 368 355 370 393 405 420 428 429 418 438 464 488 500 509 534 555
581 621 676 745 807 865 893 888 846 762 663 580 586 636 700 739 745 715 656
584 500 432 370 317 308 332 321 288 268 311 369 416 438 439 430 418 396 371
348 342 340 333 325 314 331 364 395 412 413 399 374 338 303 279 261 234 196
136 54 -46 -164 -298 -440 -596 -769 -973 -1183 
-1182 -958 -752 -608 -513 -455 -418 -290 -114 97 307 468 566 616 613 589
545 498 444 390 360 361 397 442 465 491 512 526 524 549 573 604 625 637 674
695 727 775 831 889 935 962 956 899 800 671 590 608 671 734 772 770 727 660
578 511 448 391 352 320 283 288 266 258 303 363 399 404 386 377 372 372 362
346 323 314 310 306 320 340 363 378 380 371 356 334 290 239 205 182 163 131
81 6 -91 -210 -341 -478 -619 -781 -979 -1183 
-1181 -939 -714 -543 -419 -348 -314 -319 -176 17 253 450 602 685 716 704
669 608 533 449 388 374 409 467 525 557 593 628 643 643 680 710 743 774 794
833 849 878 929 980 1022 1041 1029 965 852 719 612 625 690 761 799 791 740
661 577 488 427 382 353 320 292 253 257 255 306 358 386 375 331 305 308 327
343 342 328 307 298 306 322 343 353 347 329 312 299 280 239 166 99 68 41 17
-15 -80 -173 -287 -410 -528 -650 -801 -988 -1184 
-1179 -924 -678 -483 -314 -203 -166 -172 -218 -52 149 390 581 726 801 820
800 746 659 564 479 421 433 506 581 643 689 724 759 778 788 840 869 903 942
958 984 1000 1038 1081 1114 1131 1111 1045 929 788 671 622 696 778 819 810
751 663 555 452 370 338 314 299 275 260 241 273 315 359 381 359 296 227 234
260 306 332 332 318 304 307 322 336 335 310 262 229 219 214 187 123 17 -68
-105 -123 -152 -188 -274 -381 -484 -581 -680 -819 -998 -1185 
-1179 -915 -656 -428 -228 -72 9 7 -31 -115 68 275 516 707 846 916 921 889
817 721 620 535 500 553 656 731 791 836 875 909 934 959 1010 1037 1070 1100
1108 1134 1157 1192 1220 1222 1203 1133 1014 868 719 640 699 791 838 826
761 654 539 422 340 300 286 274 261 248 263 284 326 366 382 359 294 212 147
192 258 305 325 324 316 314 321 325 316 283 215 128 127 131 135 85 -9 -128
-211 -272 -264 -311 -374 -468 -545 -609 -702 -834 -1005 -1185 
-1179 -916 -653 -411 -181 14 158 213 177 108 -19 178 386 634 824 956 1019
1020 978 902 803 708 637 646 734 840 902 960 1004 1036 1070 1104 1132 1181
1202 1225 1245 1256 1289 1304 1323 1328 1294 1221 1098 939 769 660 707 806
855 839 765 667 547 443 367 338 323 313 297 277 266 297 337 373 388 366 307
212 117 140 199 261 301 317 319 316 314 311 299 270 213 129 20 43 54 53 -7
-95 -192 -266 -360 -378 -461 -511 -556 -619 -710 -842 -1009 -1186 
-1179 -924 -671 -440 -198 52 250 370 395 324 231 64 270 491 741 932 1064
1125 1120 1075 1002 909 823 778 840 940 1034 1088 1139 1172 1200 1233 1271
1300 1340 1357 1370 1390 1407 1422 1430 1420 1382 1297 1167 996 810 680 726
819 869 849 780 680 578 486 432 400 385 370 342 309 291 315 347 378 392 376
324 237 152 92 146 203 263 293 305 303 296 285 276 260 221 150 60 -71 -31
-21 -20 -61 -124 -211 -302 -412 -439 -491 -548 -618 -712 -844 -1011 -1186 
-1180 -939 -703 -491 -252 13 266 454 548 554 447 329 147 370 606 862 1054
1181 1235 1225 1178 1112 1020 960 955 1040 1142 1220 1266 1306 1340 1359
1388 1429 1458 1488 1495 1509 1524 1535 1528 1504 1447 1351 1205 1027 826
700 747 843 887 863 794 699 605 532 483 456 435 412 380 346 338 333 361 383
391 379 340 275 192 113 81 151 208 248 268 272 263 252 242 240 223 178 90
-15 -157 -112 -92 -76 -104 -162 -248 -337 -409 -472 -544 -618 -711 -843
-1010 -1186 
-1181 -954 -737 -551 -335 -78 197 445 621 697 681 547 412 242 486 743 1009
1192 1300 1343 1331 1283 1220 1142 1105 1140 1234 1328 1389 1436 1462 1486
1511 1536 1574 1596 1619 1622 1628 1630 1614 1571 1492 1371 1214 1011 836
724 797 882 908 873 794 702 618 552 508 483 460 438 410 389 371 367 369 381
381 370 344 296 229 145 74 100 142 181 212 225 222 210 205 205 206 182 132
26 -95 -238 -185 -161 -147 -174 -230 -307 -395 -477 -555 -615 -707 -839
-1009 -1186 
-1182 -965 -763 -597 -430 -209 58 339 585 754 812 770 608 444 346 642 930
1165 1325 1416 1448 1433 1380 1324 1267 1255 1324 1416 1496 1550 1587 1600
1621 1646 1667 1699 1713 1724 1719 1703 1677 1614 1514 1368 1180 971 786
809 875 927 927 868 780 685 600 538 500 476 461 443 428 409 395 385 380 369
360 345 327 298 252 184 123 61 77 104 137 169 176 172 161 163 170 174 147
81 -42 -174 -293 -259 -254 -248 -269 -337 -416 -504 -544 -609 -699 -834
-1006 -1186 
-1182 -968 -772 -627 -512 -342 -119 164 450 690 849 882 801 623 472 570 859
1114 1313 1446 1516 1538 1520 1473 1431 1395 1417 1497 1577 1643 1685 1712
1725 1743 1763 1781 1797 1799 1789 1760 1708 1625 1496 1325 1116 926 810
891 960 971 930 845 739 638 551 489 457 446 437 434 423 411 398 385 371 350
322 301 290 280 254 218 164 107 46 38 74 107 128 132 120 113 130 148 152
113 27 -97 -209 -340 -369 -336 -353 -388 -464 -481 -527 -590 -691 -830
-1005 -1186 
-1182 -961 -761 -624 -542 -455 -287 -63 223 522 761 901 922 835 725 675 823
1057 1274 1432 1543 1601 1617 1604 1571 1544 1526 1569 1640 1711 1764 1797
1818 1831 1846 1855 1859 1850 1826 1779 1706 1594 1439 1238 1057 886 956
998 1022 991 910 795 673 563 478 420 395 388 401 403 400 391 381 367 350
322 278 240 233 230 231 217 188 140 91 59 26 58 76 83 80 73 84 126 145 130
77 -14 -131 -248 -351 -413 -406 -448 -436 -461 -505 -581 -687 -829 -1005
-1186 
-1181 -944 -728 -582 -499 -475 -425 -307 -66 238 543 800 946 983 941 890
887 1042 1219 1400 1530 1625 1677 1694 1688 1668 1654 1652 1703 1765 1822
1864 1889 1904 1912 1912 1898 1868 1822 1752 1649 1513 1331 1158 972 1044
1079 1100 1060 974 860 721 584 476 404 362 327 340 347 361 363 360 350 338
317 290 242 182 150 160 175 180 171 149 119 79 47 7 26 33 41 36 78 112 134
131 100 43 -43 -149 -256 -345 -417 -398 -414 -443 -508 -586 -692 -832 -1006
-1186 
-1179 -923 -684 -507 -405 -372 -426 -415 -336 -134 217 558 815 989 1054
1060 1054 1071 1217 1362 1509 1617 1700 1746 1766 1763 1753 1756 1770 1817
1870 1914 1943 1958 1961 1945 1907 1845 1766 1664 1523 1364 1213 1050 1130
1169 1195 1150 1051 916 771 629 499 403 367 332 320 293 307 313 323 326 323
305 277 248 197 127 75 78 99 113 118 119 103 77 39 11 -21 3 4 43 73 106 122
123 109 76 18 -58 -151 -253 -308 -356 -393 -458 -527 -606 -702 -838 -1009
-1186 
-1178 -907 -645 -434 -278 -230 -247 -369 -383 -301 -71 190 578 809 1004
1145 1183 1195 1236 1359 1485 1601 1694 1763 1801 1819 1826 1827 1842 1868
1910 1951 1981 1994 1989 1957 1892 1796 1661 1518 1364 1194 1102 1211 1254
1291 1251 1142 983 796 644 526 430 401 362 352 327 303 267 278 285 305 308
288 250 197 158 100 48 40 42 41 60 58 52 39 23 -13 -4 -12 26 51 80 97 105
106 103 89 58 6 -73 -161 -240 -314 -404 -486 -562 -621 -711 -842 -1010
-1186 
-1178 -901 -627 -382 -189 -60 -49 -107 -263 -205 -106 215 329 517 884 1082
1239 1290 1318 1382 1477 1582 1673 1744 1797 1828 1849 1865 1885 1910 1943
1978 2007 2017 2001 1952 1871 1736 1590 1399 1271 1190 1285 1346 1386 1346
1243 1079 867 654 502 443 445 419 395 361 336 296 270 251 276 298 310 295
255 212 150 108 112 98 84 65 16 2 -2 1 -1 19 15 27 43 66 79 85 86 86 89 92
82 43 -21 -111 -205 -315 -423 -520 -576 -631 -715 -843 -1010 -1186 
-1178 -909 -638 -391 -152 32 146 136 74 -62 97 275 504 649 625 972 1153
1311 1378 1418 1486 1564 1644 1708 1759 1793 1822 1852 1885 1924 1963 1998
2024 2028 2004 1949 1849 1730 1556 1476 1393 1403 1439 1473 1438 1338 1177
963 750 542 470 476 467 446 391 348 310 286 258 274 284 310 319 310 285 249
213 187 179 171 148 101 50 10 27 34 47 49 56 58 63 70 72 70 66 68 79 96 98
71 8 -76 -191 -313 -428 -507 -573 -626 -712 -841 -1009 -1186 
-1179 -927 -679 -456 -221 34 227 338 333 299 244 440 656 785 849 707 1018
1175 1326 1419 1489 1562 1619 1667 1700 1723 1748 1790 1848 1911 1969 2009
2032 2034 2008 1948 1861 1733 1671 1605 1573 1551 1550 1511 1418 1269 1057
848 630 590 555 526 496 434 368 295 288 269 289 300 317 322 325 316 299 278
257 242 230 215 184 138 77 75 81 90 91 90 84 78 71 63 57 50 51 60 88 109
116 95 40 -46 -156 -272 -380 -475 -547 -614 -704 -835 -1006 -1185 
-1181 -948 -727 -550 -354 -89 188 404 535 560 570 581 736 915 967 956 738
946 1105 1288 1460 1544 1600 1622 1627 1627 1642 1704 1793 1884 1955 2007
2035 2037 2010 1958 1875 1820 1760 1710 1659 1613 1556 1470 1334 1135 940
713 720 675 635 574 484 405 319 309 286 312 325 337 337 330 316 300 286 275
264 254 246 232 204 152 138 132 132 133 131 118 101 81 64 50 34 41 44 73
104 131 139 122 72 -8 -103 -210 -319 -418 -505 -590 -690 -828 -1004 -1185 
-1182 -963 -762 -610 -478 -277 25 335 584 742 797 833 864 974 1095 1088
1013 751 778 1127 1313 1491 1550 1551 1522 1495 1549 1658 1758 1851 1931
1994 2033 2039 2018 1970 1926 1874 1814 1741 1653 1558 1463 1352 1183 1008
782 820 795 754 674 564 458 352 354 348 360 364 373 370 354 326 296 271 258
251 248 244 240 236 215 206 189 182 174 170 155 131 100 72 51 34 39 38 60
92 126 153 162 147 103 32 -54 -154 -264 -368 -465 -564 -678 -823 -1002
-1185 
-1182 -967 -770 -631 -533 -414 -206 155 500 767 936 1010 1049 1085 1161
1231 1188 1101 1007 835 1163 1315 1435 1412 1357 1370 1521 1633 1737 1826
1909 1980 2027 2042 2027 1997 1954 1895 1813 1705 1564 1415 1277 1161 1043
847 904 888 857 766 643 523 397 400 401 419 424 423 412 397 367 329 281 247
230 227 227 228 233 239 246 246 239 226 217 197 169 130 88 58 42 53 53 61
82 115 148 170 176 161 121 59 -23 -122 -229 -340 -446 -555 -676 -823 -1002
-1185 
-1182 -960 -754 -606 -504 -403 -255 -35 335 655 934 1104 1184 1226 1261
1309 1357 1349 1255 1142 849 1084 1144 1189 1148 1369 1526 1639 1728 1820
1901 1972 2024 2048 2043 2015 1960 1879 1764 1620 1470 1259 1140 1032 939
995 970 935 835 702 578 444 461 453 470 474 473 460 439 413 378 334 289 246
219 211 213 221 236 257 270 280 274 263 242 212 169 118 82 56 73 79 83 86
101 127 153 166 165 146 110 54 -23 -121 -232 -348 -462 -570 -685 -828 -1004
-1185 
-1181 -946 -723 -542 -385 -237 -102 50 189 518 819 1081 1247 1331 1374 1415
1441 1470 1439 1289 1070 745 791 942 1160 1391 1546 1653 1743 1824 1906
1975 2026 2053 2052 2018 1948 1836 1695 1548 1377 1355 1272 1190 1139 1088
1019 873 726 600 483 515 515 530 523 509 492 470 445 416 384 346 296 252
223 223 223 231 253 275 295 300 296 275 245 205 154 112 74 95 107 111 104
98 101 111 120 121 112 92 60 13 -58 -155 -271 -388 -497 -596 -697 -834
-1006 -1186 
-1180 -933 -692 -480 -261 -54 130 260 370 431 701 980 1217 1372 1456 1500
1526 1525 1505 1381 1154 826 976 1140 1313 1393 1556 1655 1752 1837 1917
1984 2034 2057 2050 2006 1917 1790 1648 1499 1511 1491 1452 1371 1272 1145
962 782 574 522 571 586 598 577 547 511 479 452 429 404 380 345 307 261 261
251 255 266 275 298 312 312 293 263 221 176 131 88 112 126 135 119 92 67 56
47 35 17 -1 -16 -36 -64 -128 -220 -331 -440 -538 -611 -704 -836 -1007 -1186 
-1180 -926 -677 -451 -203 60 302 486 579 652 681 891 1140 1341 1480 1559
1589 1586 1522 1408 1156 1188 1133 1337 1437 1518 1534 1655 1738 1840 1922
1991 2039 2060 2040 1984 1886 1762 1630 1627 1624 1607 1541 1430 1282 1078
876 646 659 651 672 677 644 594 533 479 440 419 401 384 360 337 294 311 304
302 300 303 315 320 324 305 270 220 172 137 100 118 138 154 137 88 15 -33
-61 -72 -101 -144 -166 -175 -165 -178 -222 -297 -388 -483 -548 -614 -702
-833 -1005 -1185 
-1179 -925 -682 -463 -214 88 386 625 782 847 907 938 1089 1289 1459 1577
1638 1637 1563 1389 1370 1352 1392 1383 1524 1585 1626 1635 1744 1823 1921
1990 2041 2059 2039 1973 1880 1776 1751 1731 1698 1627 1511 1365 1165 974
736 784 795 810 782 734 657 564 483 421 395 380 379 369 344 307 328 335 350
349 348 347 347 344 321 281 225 173 118 110 143 156 169 157 108 12 -88 -210
-185 -198 -267 -266 -318 -329 -309 -300 -323 -365 -426 -476 -537 -602 -692
-827 -1002 -1185 
-1179 -928 -690 -501 -251 49 379 672 890 1028 1085 1136 1171 1286 1436 1577
1660 1684 1621 1528 1496 1520 1508 1501 1574 1652 1679 1717 1737 1838 1913
1991 2042 2061 2042 1989 1918 1862 1835 1790 1698 1542 1354 1165 1016 818
900 931 956 914 842 741 620 507 402 370 351 358 373 374 361 342 319 357 379
391 390 385 372 348 308 244 185 128 145 165 184 198 180 134 36 -71 -218
-206 -263 -269 -246 -303 -306 -370 -404 -400 -396 -403 -412 -445 -503 -578
-679 -820 -999 -1185 
-1179 -929 -699 -502 -299 4 310 650 921 1110 1241 1299 1342 1385 1481 1584
1682 1723 1708 1650 1614 1618 1624 1624 1627 1698 1747 1766 1805 1851 1931
1997 2047 2070 2059 2023 1979 1935 1874 1784 1619 1399 1133 957 884 999
1049 1094 1052 965 835 686 554 426 389 340 329 350 375 390 386 363 340 364
400 419 422 405 374 331 270 214 147 176 199 222 229 212 166 67 -46 -189
-151 -158 -134 -138 -148 -161 -237 -337 -413 -428 -408 -378 -372 -399 -466
-554 -665 -814 -997 -1185 
-1179 -929 -697 -518 -283 -29 298 594 896 1140 1304 1424 1486 1530 1587
1644 1710 1767 1773 1745 1716 1704 1718 1717 1725 1733 1787 1830 1862 1899
1952 2014 2062 2085 2084 2060 2023 1963 1877 1725 1538 1268 1104 1052 1118
1175 1218 1184 1088 936 760 601 459 426 383 350 341 341 382 404 402 381 361
386 419 442 440 410 346 283 230 171 206 231 260 265 244 195 103 -4 -156
-111 -74 -13 14 28 10 -38 -140 -278 -367 -377 -347 -318 -317 -359 -438 -537
-657 -811 -996 -1185 
-1179 -929 -696 -497 -284 11 305 591 863 1127 1337 1479 1585 1653 1689 1735
1775 1811 1833 1825 1805 1797 1790 1802 1807 1816 1824 1867 1911 1954 1990
2039 2079 2105 2106 2085 2038 1964 1835 1688 1468 1397 1317 1316 1340 1358
1318 1221 1060 846 657 503 454 435 398 370 336 357 381 408 411 393 387 410
442 458 449 398 325 234 199 239 268 303 309 284 220 129 35 -101 -54 -23 48
103 141 152 133 63 -60 -202 -276 -275 -249 -239 -262 -325 -419 -529 -657
-811 -996 -1185 
-1179 -929 -689 -483 -239 45 339 629 885 1119 1333 1510 1635 1724 1785 1812
1847 1872 1884 1891 1885 1873 1872 1875 1885 1889 1898 1910 1946 1990 2034
2070 2105 2122 2124 2096 2040 1938 1826 1652 1629 1581 1553 1526 1514 1465
1368 1216 998 792 615 517 487 451 421 370 359 342 373 400 415 417 419 436
463 476 455 400 309 270 287 314 345 360 345 284 186 56 -27 16 48 109 152
197 228 235 208 134 12 -109 -162 -157 -148 -165 -218 -305 -413 -541 -662
-814 -997 -1185 
-1179 -929 -688 -465 -206 89 403 689 943 1159 1359 1526 1668 1771 1841 1886
1908 1928 1942 1946 1951 1948 1944 1945 1952 1959 1964 1976 1989 2021 2063
2100 2127 2141 2133 2100 2029 1948 1815 1797 1770 1757 1721 1673 1607 1523
1389 1206 1019 831 688 585 539 486 426 393 363 339 355 394 429 448 459 472
489 497 472 414 365 356 371 400 414 409 369 287 174 116 108 124 171 206 243
272 289 290 257 183 80 -7 -45 -54 -66 -114 -197 -303 -434 -549 -672 -817
-998 -1185 
-1179 -930 -693 -481 -218 105 434 740 1004 1219 1401 1564 1694 1805 1884
1937 1969 1984 1995 2004 2010 2012 2006 2009 2014 2018 2026 2031 2042 2063
2091 2122 2145 2152 2140 2101 2047 1959 1933 1905 1902 1874 1829 1760 1664
1552 1418 1257 1074 914 776 671 595 523 453 405 355 353 374 413 457 486 502
514 524 524 503 467 449 437 452 463 470 449 398 322 256 231 230 249 266 287
312 329 335 326 292 227 150 90 59 35 -11 -90 -194 -326 -452 -573 -679 -820
-999 -1185 
-1180 -933 -704 -514 -266 44 391 721 1017 1259 1448 1597 1727 1829 1916
1975 2014 2033 2046 2053 2060 2063 2061 2059 2065 2072 2077 2080 2088 2103
2123 2142 2159 2162 2146 2122 2076 2038 2015 2004 1982 1948 1892 1810 1708
1597 1468 1313 1146 993 860 751 654 566 484 403 381 388 419 456 492 524 544
554 561 559 548 532 514 513 513 518 507 484 440 387 348 330 330 335 341 350
361 369 367 355 321 269 217 176 137 92 22 -75 -206 -345 -484 -581 -685 -822
-999 -1185 
-1180 -933 -711 -529 -317 -23 306 650 976 1244 1460 1625 1749 1854 1934
2002 2045 2071 2083 2093 2096 2100 2101 2101 2102 2110 2115 2118 2123 2133
2147 2160 2167 2166 2160 2143 2119 2096 2076 2058 2029 1986 1923 1844 1752
1643 1520 1370 1216 1071 941 825 717 621 524 455 435 451 479 507 532 555
569 578 584 588 585 577 568 563 561 549 533 507 473 439 413 400 396 390 388
390 389 390 384 372 344 310 273 237 191 128 40 -71 -215 -368 -481 -584 -683
-820 -998 -1185 
-1180 -931 -703 -525 -306 -42 273 606 919 1210 1436 1620 1761 1867 1953
2014 2061 2088 2104 2111 2115 2117 2119 2119 2122 2127 2131 2135 2139 2146
2154 2162 2165 2165 2161 2153 2141 2125 2108 2084 2048 2000 1940 1868 1787
1687 1558 1420 1278 1144 1020 900 794 694 600 540 517 524 539 553 558 559
560 567 580 593 600 600 598 593 581 561 533 502 476 455 439 432 424 417 406
398 390 387 383 373 357 333 308 272 222 152 59 -68 -207 -343 -468 -568 -674
-815 -996 -1185 
-1179 -923 -682 -474 -260 29 330 640 935 1186 1423 1596 1754 1869 1957 2018
2059 2086 2100 2106 2106 2109 2111 2110 2114 2119 2121 2125 2130 2135 2139
2144 2147 2144 2144 2142 2137 2128 2111 2085 2046 1998 1943 1880 1806 1715
1603 1472 1341 1214 1094 982 875 778 690 635 606 592 596 586 562 526 503
503 528 558 582 597 601 596 581 551 506 464 431 419 417 414 414 406 391 373
363 360 358 355 347 335 314 284 234 169 76 -37 -172 -302 -430 -539 -658
-807 -993 -1184 
-1178 -913 -653 -419 -156 124 445 732 1002 1232 1423 1604 1739 1866 1948
2007 2040 2059 2072 2073 2076 2072 2072 2072 2076 2082 2084 2091 2093 2095
2100 2104 2105 2108 2106 2111 2110 2107 2095 2069 2030 1980 1925 1868 1803
1726 1627 1519 1401 1286 1172 1058 955 862 780 722 683 660 637 607 551 466
398 390 423 475 524 556 573 575 563 528 465 386 344 328 340 347 351 353 342
322 315 310 311 314 312 311 298 275 236 175 96 -8 -125 -256 -383 -512 -640
-798 -988 -1184 
-1178 -903 -630 -372 -86 232 538 842 1087 1300 1477 1628 1756 1854 1933
1978 2000 2011 2012 2016 2013 2012 2004 2008 2013 2016 2026 2029 2032 2029
2034 2036 2045 2051 2059 2061 2067 2069 2063 2040 1999 1945 1888 1829 1773
1713 1640 1552 1446 1339 1229 1123 1019 928 848 790 744 706 669 617 540 438
302 237 269 341 414 476 516 537 533 501 431 327 218 212 200 223 236 251 245
244 243 247 246 248 258 261 264 250 219 173 106 20 -88 -212 -344 -480 -624
-789 -984 -1184 
-1177 -897 -617 -336 -31 289 622 897 1156 1358 1529 1661 1770 1846 1896
1925 1938 1934 1927 1922 1922 1917 1918 1916 1918 1931 1937 1943 1934 1943
1937 1953 1967 1982 1987 1996 2000 2013 2010 1995 1954 1895 1829 1765 1714
1673 1623 1557 1467 1364 1258 1154 1055 962 884 822 771 728 683 623 545 427
286 106 101 159 261 356 433 478 497 475 414 313 203 54 61 40 75 90 106 119
154 166 164 170 179 199 210 207 186 151 101 30 -63 -178 -310 -456 -611 -781
-980 -1184 
-1177 -893 -608 -326 -5 330 637 938 1181 1388 1543 1667 1755 1811 1837 1841
1841 1826 1810 1798 1796 1795 1794 1799 1813 1814 1822 1812 1823 1811 1836
1845 1877 1889 1896 1899 1923 1927 1938 1929 1898 1833 1751 1676 1628 1602
1576 1527 1453 1356 1249 1143 1045 955 877 808 759 716 672 618 543 440 283
119 -62 -21 74 210 322 407 445 448 407 334 216 83 -99 -95 -127 -99 -95 -22
35 69 73 62 86 119 147 152 134 108 71 17 -56 -160 -292 -442 -602 -776 -977
-1183 
-1177 -889 -603 -311 2 346 666 944 1182 1376 1530 1635 1702 1735 1736 1724
1703 1689 1656 1643 1630 1623 1648 1671 1669 1677 1662 1666 1652 1687 1697
1733 1753 1769 1765 1789 1802 1827 1832 1839 1818 1754 1659 1564 1518 1503
1491 1462 1399 1309 1203 1094 992 900 821 751 699 664 627 583 521 432 308
131 -58 -201 -105 52 208 319 386 406 396 348 260 124 -21 -218 -230 -305
-236 -167 -89 -53 -56 -61 -27 32 78 88 68 41 15 -21 -77 -165 -287 -439 -601
-774 -976 -1183 
-1176 -886 -586 -296 38 362 673 942 1169 1343 1477 1561 1603 1611 1592 1562
1539 1499 1477 1438 1408 1438 1482 1502 1515 1488 1479 1452 1483 1520 1561
1579 1589 1594 1620 1632 1660 1673 1706 1723 1700 1645 1543 1433 1380 1378
1376 1354 1308 1228 1125 1013 898 806 720 651 602 569 549 516 468 398 295
147 -53 -254 -215 -67 108 239 313 349 356 334 279 185 45 -100 -275 -280
-343 -283 -232 -198 -206 -199 -136 -47 17 24 -7 -41 -62 -79 -121 -191 -299
-442 -600 -772 -975 -1183 
-1176 -882 -581 -259 60 384 665 920 1124 1284 1387 1442 1460 1436 1403 1364
1315 1291 1238 1183 1175 1226 1287 1322 1302 1282 1224 1244 1294 1340 1374
1371 1388 1390 1420 1455 1458 1506 1547 1559 1548 1478 1381 1265 1216 1218
1223 1223 1187 1101 1008 892 773 666 583 514 466 447 430 414 383 327 243
118 -57 -218 -304 -154 24 156 229 269 285 282 255 197 108 -17 -124 -219
-283 -376 -356 -353 -354 -326 -227 -112 -45 -39 -86 -134 -155 -158 -176
-235 -327 -451 -601 -775 -977 -1183 
-1176 -881 -575 -265 71 369 646 866 1053 1178 1248 1280 1257 1219 1166 1115
1067 1006 946 911 928 1003 1065 1079 1059 1000 970 1024 1084 1133 1120 1148
1127 1171 1193 1199 1253 1302 1348 1369 1327 1254 1136 1053 1009 1027 1057
1060 1016 943 840 723 601 501 409 343 312 289 284 282 260 215 144 39 -99
-255 -335 -218 -48 65 127 162 184 194 189 158 105 34 -52 -137 -242 -337
-440 -458 -467 -404 -285 -173 -110 -111 -170 -234 -248 -239 -242 -287 -371
-479 -617 -783 -981 -1184 
-1176 -883 -584 -273 29 333 574 786 930 1021 1060 1044 1010 949 892 832 756
682 624 616 708 744 803 798 753 677 736 797 860 844 874 838 895 885 909 929
999 1079 1128 1118 1066 948 851 771 785 814 851 855 807 730 622 502 394 292
215 156 120 107 122 121 105 65 3 -86 -204 -312 -366 -247 -121 -39 -2 29 58
78 84 72 44 -1 -59 -137 -228 -333 -425 -509 -504 -429 -325 -231 -185 -202
-264 -329 -341 -315 -308 -344 -422 -523 -641 -797 -988 -1184 
-1177 -889 -600 -312 -17 246 481 647 759 811 802 759 700 647 584 515 415
332 277 372 415 497 486 488 387 423 473 556 550 580 532 583 558 593 564 642
728 812 855 833 740 630 504 462 512 587 628 602 568 473 360 252 152 62 -6
-47 -77 -81 -66 -51 -75 -108 -167 -237 -317 -405 -356 -282 -207 -168 -145
-119 -88 -59 -49 -50 -68 -97 -145 -205 -282 -363 -447 -500 -513 -440 -353
-295 -280 -313 -380 -423 -422 -383 -370 -400 -473 -563 -671 -816 -997 -1185 
-1178 -900 -624 -361 -98 142 328 460 532 537 495 429 375 310 272 170 77 -31
20 70 165 164 203 110 138 130 219 225 275 223 263 221 263 206 269 343 449
514 548 498 401 267 150 171 246 331 361 343 274 191 91 -2 -88 -173 -215
-251 -272 -270 -241 -245 -247 -288 -326 -385 -450 -427 -389 -338 -309 -307
-288 -271 -238 -211 -192 -200 -210 -235 -274 -326 -380 -439 -492 -533 -508
-456 -403 -373 -387 -433 -482 -506 -477 -444 -432 -460 -521 -603 -702 -838
-1009 -1186 
-1179 -919 -660 -434 -210 -18 128 226 257 229 141 102 29 15 -67 -140 -253
-248 -254 -159 -146 -89 -150 -127 -172 -90 -97 -36 -75 -36 -88 -48 -107 -58
-47 70 156 211 190 158 44 -101 -119 -110 -14 59 78 31 -9 -95 -175 -243 -313
-360 -403 -435 -440 -417 -421 -401 -419 -434 -473 -515 -509 -483 -444 -424
-431 -428 -435 -412 -390 -363 -348 -349 -363 -384 -415 -455 -493 -529 -560
-563 -542 -505 -475 -471 -494 -531 -559 -555 -534 -511 -504 -527 -578 -645
-740 -867 -1025 -1187 
-1181 -948 -719 -523 -359 -216 -105 -44 -41 -119 -154 -238 -236 -297 -331
-417 -431 -467 -428 -395 -346 -383 -357 -396 -350 -364 -300 -329 -302 -346
-314 -359 -329 -352 -272 -189 -125 -121 -128 -189 -291 -340 -389 -333 -265
-202 -223 -235 -301 -349 -401 -450 -486 -514 -544 -559 -555 -556 -541 -548
-550 -567 -586 -595 -586 -557 -535 -533 -542 -556 -552 -541 -524 -507 -498
-498 -510 -523 -547 -576 -597 -612 -620 -618 -603 -578 -566 -572 -591 -608
-617 -614 -600 -590 -592 -612 -647 -707 -793 -907 -1046 -1188 
-1184 -992 -804 -649 -532 -434 -359 -327 -360 -383 -450 -455 -501 -515 -556
-577 -598 -595 -586 -554 -555 -540 -562 -551 -554 -522 -531 -505 -533 -525
-545 -532 -550 -527 -483 -421 -401 -404 -422 -477 -510 -549 -547 -530 -473
-462 -450 -493 -515 -554 -582 -605 -623 -639 -652 -661 -665 -664 -665 -667
-674 -683 -689 -690 -679 -665 -654 -653 -660 -666 -667 -661 -652 -645 -640
-642 -647 -659 -674 -690 -703 -709 -710 -706 -695 -682 -676 -680 -690 -699
-702 -698 -692 -689 -695 -712 -744 -794 -866 -959 -1074 -1190 
-1189 -1050 -915 -806 -722 -661 -625 -616 -621 -643 -659 -683 -695 -715
-728 -743 -748 -746 -735 -727 -719 -722 -721 -725 -716 -713 -703 -706 -705
-715 -715 -720 -716 -706 -681 -659 -646 -649 -665 -683 -706 -715 -717 -701
-687 -673 -680 -691 -713 -732 -750 -764 -776 -786 -794 -801 -805 -808 -810
-814 -819 -824 -826 -824 -818 -811 -806 -806 -808 -811 -811 -810 -806 -803
-802 -804 -808 -815 -823 -832 -839 -842 -842 -838 -831 -824 -820 -822 -826
-830 -832 -829 -827 -827 -833 -847 -871 -909 -960 -1028 -1109 -1193 
-1194 -1121 -1050 -993 -949 -919 -903 -898 -900 -906 -915 -924 -932 -938
-946 -950 -953 -951 -946 -942 -940 -940 -941 -940 -938 -935 -934 -932 -935
-936 -939 -939 -938 -932 -924 -916 -912 -912 -917 -925 -932 -937 -935 -932
-926 -924 -925 -930 -939 -949 -958 -966 -972 -978 -983 -986 -989 -991 -993
-996 -999 -1001 -1001 -1000 -998 -995 -992 -992 -993 -994 -994 -994 -992
-991 -991 -993 -995 -998 -1002 -1006 -1009 -1010 -1010 -1008 -1004 -1001
-1000 -1000 -1002 -1003 -1004 -1002 -1001 -1003 -1006 -1014 -1027 -1047
-1074 -1109 -1152 -1196 
-1198 -1194 -1189 -1184 -1181 -1179 -1178 -1178 -1178 -1178 -1178 -1179
-1180 -1180 -1181 -1181 -1181 -1181 -1181 -1181 -1180 -1180 -1180 -1180
-1180 -1180 -1180 -1180 -1180 -1180 -1180 -1180 -1180 -1180 -1179 -1179
-1178 -1178 -1179 -1179 -1180 -1180 -1180 -1180 -1179 -1179 -1179 -1180
-1180 -1181 -1182 -1182 -1183 -1183 -1184 -1184 -1184 -1184 -1184 -1185
-1185 -1185 -1185 -1185 -1185 -1185 -1184 -1184 -1184 -1185 -1185 -1185
-1184 -1184 -1184 -1184 -1185 -1185 -1185 -1185 -1186 -1186 -1186 -1186
-1185 -1185 -1185 -1185 -1185 -1185 -1185 -1185 -1185 -1185 -1185 -1186
-1187 -1188 -1190 -1193 -1196 -1199 
