102 102
-1199 -1196 -1192 -1189 -1187 -1185 -1184 -1184 -1183 -1183 -1183 -1183
-1182 -1182 -1182 -1181 -1181 -1181 -1181 -1182 -1182 -1183 -1183 -1184
-1184 -1185 -1185 -1185 -1185 -1186 -1186 -1186 -1186 -1186 -1186 -1186
-1185 -1185 -1185 -1185 -1185 -1185 -1185 -1185 -1185 -1186 -1186 -1186
-1186 -1186 -1186 -1186 -1186 -1185 -1185 -1185 -1185 -1185 -1185 -1185
-1185 -1185 -1184 -1184 -1184 -1184 -1184 -1184 -1184 -1184 -1185 -1185
-1185 -1185 -1185 -1185 -1186 -1186 -1186 -1187 -1187 -1187 -1186 -1186
-1186 -1186 -1186 -1185 -1185 -1185 -1185 -1185 -1185 -1186 -1186 -1187
-1188 -1189 -1191 -1194 -1197 -1199 
-1196 -1143 -1092 -1052 -1022 -1002 -989 -981 -977 -974 -973 -971 -968 -964
-959 -956 -954 -953 -955 -958 -964 -971 -979 -988 -995 -999 -1001 -1003
-1005 -1008 -1011 -1013 -1013 -1014 -1013 -1010 -1006 -1002 -998 -995 -995
-996 -999 -1002 -1006 -1008 -1010 -1010 -1011 -1011 -1010 -1009 -1007 -1005
-1004 -1003 -1003 -1004 -1003 -1002 -999 -996 -993 -991 -990 -989 -990 -991
-992 -992 -993 -993 -995 -998 -1001 -1006 -1011 -1015 -1017 -1018 -1019
-1018 -1017 -1015 -1013 -1010 -1007 -1004 -1003 -1002 -1002 -1003 -1005
-1009 -1016 -1025 -1038 -1058 -1084 -1117 -1157 -1197 
-1192 -1092 -995 -918 -863 -827 -803 -789 -781 -777 -775 -773 -769 -764
-755 -748 -742 -740 -742 -749 -760 -773 -788 -803 -815 -824 -827 -830 -833
-838 -843 -847 -850 -850 -849 -844 -836 -828 -820 -814 -813 -816 -822 -829
-835 -839 -842 -844 -844 -844 -844 -842 -839 -836 -832 -831 -831 -833 -833
-830 -825 -819 -813 -809 -806 -805 -805 -806 -809 -809 -810 -810 -812 -816
-824 -834 -844 -851 -856 -858 -858 -858 -855 -851 -846 -840 -835 -830 -826
-824 -823 -825 -830 -838 -850 -867 -893 -930 -979 -1042 -1118 -1194 
-1189 -1049 -915 -809 -735 -687 -658 -638 -626 -619 -614 -616 -611 -608
-595 -578 -572 -564 -563 -576 -594 -614 -636 -661 -682 -693 -697 -696 -698
-703 -711 -718 -723 -724 -722 -716 -706 -694 -680 -670 -668 -674 -685 -695
-704 -709 -713 -715 -716 -716 -716 -714 -711 -706 -701 -700 -702 -704 -705
-702 -695 -686 -677 -670 -665 -664 -663 -665 -665 -666 -666 -666 -667 -671
-681 -697 -713 -724 -731 -732 -732 -731 -728 -723 -716 -706 -698 -691 -685
-679 -675 -676 -686 -699 -718 -741 -776 -826 -894 -981 -1085 -1191 
-1187 -1017 -855 -726 -635 -581 -545 -518 -487 -466 -472 -455 -468 -457
-437 -409 -383 -378 -368 -388 -421 -461 -500 -549 -585 -607 -607 -598 -590
-596 -611 -626 -637 -640 -635 -627 -615 -600 -577 -553 -551 -563 -580 -596
-608 -617 -622 -626 -628 -630 -630 -627 -621 -614 -607 -608 -610 -617 -618
-617 -608 -593 -577 -563 -557 -549 -555 -554 -552 -547 -554 -552 -554 -551
-565 -592 -617 -638 -644 -644 -643 -643 -640 -632 -620 -605 -594 -583 -573
-560 -552 -555 -570 -595 -620 -649 -691 -749 -830 -935 -1061 -1190 
-1185 -995 -812 -667 -556 -470 -424 -374 -325 -299 -278 -282 -266 -276 -243
-212 -179 -150 -154 -169 -210 -260 -320 -394 -487 -531 -541 -500 -475 -481
-516 -557 -581 -584 -574 -559 -543 -515 -479 -438 -422 -436 -461 -495 -518
-534 -551 -554 -564 -568 -566 -565 -552 -529 -522 -517 -530 -539 -551 -548
-529 -501 -467 -445 -429 -427 -417 -425 -417 -421 -422 -430 -423 -429 -446
-492 -551 -585 -593 -582 -578 -577 -576 -567 -544 -515 -492 -475 -461 -442
-439 -444 -469 -501 -544 -588 -634 -698 -787 -903 -1044 -1188 
-1183 -978 -784 -628 -499 -378 -280 -214 -146 -97 -80 -61 -59 -37 -32 7 42
65 83 64 26 -26 -100 -191 -317 -452 -460 -400 -341 -338 -391 -474 -528 -522
-492 -473 -451 -419 -367 -318 -283 -286 -318 -356 -395 -424 -443 -468 -470
-479 -486 -474 -465 -434 -401 -402 -413 -437 -446 -454 -427 -376 -337 -301
-278 -267 -253 -248 -260 -256 -271 -271 -280 -283 -322 -397 -487 -544 -547
-524 -500 -497 -497 -491 -459 -415 -380 -356 -342 -330 -325 -347 -379 -426
-482 -542 -601 -666 -758 -881 -1032 -1187 
-1182 -967 -765 -605 -456 -307 -165 -50 28 91 131 147 175 177 202 217 253
286 297 294 257 201 141 17 -149 -350 -377 -281 -199 -190 -260 -388 -469
-434 -387 -354 -331 -298 -253 -196 -149 -137 -157 -197 -240 -276 -306 -327
-351 -345 -350 -357 -336 -307 -269 -248 -260 -282 -309 -307 -287 -243 -181
-148 -120 -95 -76 -66 -75 -85 -92 -102 -115 -145 -201 -309 -426 -502 -488
-442 -410 -393 -395 -383 -354 -310 -265 -236 -223 -223 -239 -265 -313 -375
-443 -517 -581 -649 -740 -866 -1024 -1187 
-1182 -958 -751 -582 -422 -248 -73 76 190 267 317 361 378 396 401 431 451
477 498 496 460 419 332 206 -11 -227 -263 -146 -56 -46 -145 -311 -411 -351
-264 -220 -195 -166 -129 -77 -30 0 -4 -32 -69 -110 -144 -177 -190 -191 -189
-194 -190 -156 -119 -89 -80 -106 -131 -146 -124 -90 -44 13 39 65 94 98 104
92 78 64 36 -17 -108 -235 -377 -454 -413 -345 -298 -287 -270 -261 -234 -198
-156 -128 -125 -139 -170 -215 -276 -352 -437 -509 -578 -636 -726 -853 -1016
-1186 
-1181 -952 -737 -566 -381 -199 -9 167 308 418 491 533 573 576 593 606 632
653 670 663 638 582 501 337 110 -101 -99 -5 83 74 -55 -249 -356 -262 -140
-79 -51 -36 -10 33 80 114 128 114 87 53 21 -10 -30 -25 -24 -35 -21 -3 33 65
82 78 47 40 32 63 104 145 187 216 238 253 249 245 228 200 156 73 -48 -209
-335 -400 -316 -234 -190 -168 -160 -138 -116 -88 -62 -50 -60 -89 -136 -200
-278 -367 -448 -526 -566 -622 -711 -841 -1010 -1186 
-1181 -948 -729 -543 -371 -156 35 224 390 524 618 685 715 743 748 766 782
798 809 801 770 711 605 437 212 33 54 146 193 159 2 -221 -267 -136 -14 61
82 89 108 127 163 199 224 230 216 197 168 143 127 131 130 139 126 144 173
201 234 240 224 192 193 200 241 281 309 340 365 375 379 366 340 300 231 122
-50 -203 -338 -278 -203 -126 -81 -67 -53 -37 -19 -5 -2 -13 -43 -87 -145
-224 -315 -395 -479 -499 -540 -602 -693 -829 -1004 -1185 
-1181 -949 -729 -551 -355 -157 71 266 444 589 706 784 839 863 883 894 905
918 914 901 865 796 680 512 310 173 194 260 273 184 26 -149 -105 13 127 188
207 202 194 205 222 248 277 297 309 305 290 273 269 267 281 276 278 278 292
331 354 374 364 343 320 338 357 394 425 443 462 477 475 454 419 359 267 110
-45 -245 -230 -163 -79 -20 11 29 35 42 44 36 11 -29 -77 -135 -199 -279 -362
-442 -440 -458 -496 -571 -674 -817 -998 -1185 
-1181 -951 -738 -565 -373 -144 70 295 476 628 750 850 916 960 978 993 1003
1005 999 973 931 854 737 576 409 315 324 349 294 180 -4 2 67 172 259 305
312 292 264 250 251 261 284 313 344 365 378 378 378 389 395 405 392 398 415
431 461 477 478 460 448 443 465 492 514 530 543 550 542 512 461 383 247 113
-96 -103 -88 -22 36 74 94 99 101 89 66 25 -29 -92 -156 -225 -289 -345 -410
-388 -388 -401 -453 -539 -656 -808 -994 -1185 
-1181 -954 -743 -574 -395 -167 76 281 486 645 779 880 966 1019 1051 1067
1075 1073 1056 1025 972 889 779 636 510 444 437 390 300 133 115 145 230 310
371 399 387 350 307 267 239 230 237 270 319 378 418 447 463 476 491 497 498
496 510 530 545 559 566 556 544 543 551 570 589 599 607 604 586 546 480 380
262 81 52 30 68 102 136 153 158 152 131 99 44 -32 -113 -195 -263 -322 -384
-391 -341 -325 -324 -355 -422 -521 -645 -803 -993 -1185 
-1181 -957 -747 -574 -397 -186 47 274 461 650 790 901 989 1058 1098 1121
1124 1119 1096 1055 995 912 809 701 598 549 500 425 281 243 233 296 362 416
449 452 425 377 315 251 197 167 160 193 263 348 426 477 515 540 559 571 576
579 587 604 615 626 632 631 624 619 624 633 644 653 651 642 615 568 496 409
286 194 164 174 180 194 200 201 191 169 130 66 -17 -125 -230 -300 -368 -379
-341 -307 -278 -263 -280 -332 -411 -516 -647 -806 -994 -1185 
-1182 -959 -750 -581 -394 -189 34 252 465 634 791 916 1007 1078 1126 1151
1157 1145 1120 1076 1013 938 848 759 676 625 555 446 381 344 369 407 448
473 478 461 422 362 290 208 142 101 97 134 215 313 406 485 539 580 606 623
633 640 649 659 668 674 681 683 678 676 676 678 684 686 681 666 636 585 527
445 356 296 276 261 247 233 216 200 180 144 88 7 -110 -213 -338 -364 -322
-300 -272 -244 -230 -238 -274 -341 -433 -537 -661 -815 -998 -1185 
-1182 -961 -755 -585 -414 -190 36 266 467 643 794 917 1020 1088 1136 1163
1169 1161 1134 1091 1034 963 890 811 743 678 602 525 476 459 470 483 485
475 454 423 376 316 237 161 90 66 74 121 196 287 389 479 551 601 637 657
671 681 689 697 703 709 713 713 712 708 707 705 704 700 694 678 650 608 555
490 424 377 345 304 256 208 169 140 111 77 13 -84 -186 -311 -292 -285 -268
-252 -245 -238 -241 -263 -310 -384 -473 -572 -682 -826 -1004 -1185 
-1182 -961 -756 -592 -415 -213 39 262 467 656 810 932 1021 1091 1134 1158
1166 1160 1137 1098 1047 990 926 857 790 730 662 603 566 548 533 512 475
432 388 345 304 248 185 113 82 62 83 133 205 293 382 479 558 614 650 674
689 699 707 713 718 723 724 724 721 718 714 709 700 694 686 674 655 624 582
531 476 431 379 309 209 122 63 23 8 -35 -95 -168 -279 -239 -232 -230 -250
-280 -298 -305 -306 -332 -377 -441 -521 -602 -702 -837 -1008 -1185 
-1182 -960 -754 -586 -422 -199 7 253 473 659 819 938 1022 1083 1122 1143
1147 1142 1129 1102 1063 1011 953 892 836 779 720 674 636 603 560 501 428
358 300 260 226 195 143 126 93 74 104 161 241 321 407 489 564 617 652 673
684 693 700 705 710 712 713 713 708 704 699 691 677 663 658 652 644 627 598
559 512 459 393 287 165 16 -72 -97 -127 -156 -192 -257 -205 -193 -193 -240
-301 -356 -412 -395 -403 -423 -456 -508 -560 -621 -713 -844 -1011 -1186 
-1182 -959 -749 -578 -389 -203 29 242 467 663 812 927 1010 1062 1093 1109
1112 1116 1112 1098 1067 1025 972 920 869 817 764 720 675 625 559 473 372
285 232 204 190 172 174 156 122 93 121 197 280 369 447 514 572 614 637 647
654 663 671 680 682 678 679 677 674 669 668 658 636 614 608 613 617 614 599
572 532 476 395 290 138 -2 -125 -186 -213 -232 -242 -180 -159 -158 -213
-283 -387 -418 -412 -467 -489 -494 -525 -549 -579 -627 -715 -844 -1012
-1186 
-1182 -957 -743 -563 -371 -157 55 272 470 646 793 903 974 1020 1043 1052
1065 1077 1087 1082 1061 1025 980 930 878 830 780 731 676 612 532 434 325
242 204 207 217 226 224 203 155 116 151 232 325 412 488 547 587 604 605 601
603 615 632 641 636 627 623 619 615 621 625 618 585 548 541 553 571 582 587
573 541 488 412 303 176 38 -82 -149 -170 -171 -145 -126 -124 -177 -247 -352
-344 -344 -368 -426 -491 -519 -524 -539 -564 -617 -707 -839 -1009 -1186 
-1182 -959 -743 -549 -353 -134 76 281 458 616 749 851 914 949 960 980 1001
1031 1053 1059 1046 1014 968 912 859 805 756 700 635 562 481 386 289 223
225 250 278 289 281 246 191 146 189 276 374 455 524 573 591 584 556 536 536
557 580 583 575 560 544 527 539 558 579 570 531 475 455 470 500 538 561 563
542 497 432 341 232 113 16 -38 -68 -67 -68 -89 -144 -209 -310 -266 -242
-241 -274 -351 -417 -457 -477 -491 -527 -595 -692 -830 -1004 -1185 
-1182 -965 -752 -561 -361 -153 56 237 406 550 664 751 808 832 851 885 933
979 1014 1031 1023 995 947 876 790 737 680 626 554 478 401 327 264 234 270
309 332 335 320 281 226 189 239 327 417 498 551 584 584 551 495 453 458 487
519 526 510 468 427 421 445 488 521 522 474 401 358 373 422 481 524 543 534
502 448 380 293 199 132 81 45 12 -38 -111 -182 -263 -208 -167 -122 -127
-181 -251 -309 -358 -396 -427 -482 -566 -673 -818 -999 -1185 
-1183 -975 -771 -592 -410 -215 -27 138 275 395 499 579 632 674 708 782 857
928 975 995 995 971 921 838 724 616 563 508 446 373 313 278 254 293 326 352
360 350 332 305 263 251 296 379 462 528 569 577 556 509 442 371 374 419 470
487 451 369 299 302 348 411 458 467 421 332 266 281 348 428 488 515 516 496
457 408 344 278 229 182 129 59 -32 -145 -203 -149 -101 -41 -19 -34 -86 -148
-206 -256 -309 -365 -436 -534 -655 -808 -994 -1184 
-1184 -985 -791 -626 -479 -317 -171 -53 48 146 239 324 400 469 575 688 803
884 935 957 956 942 899 820 696 529 421 388 363 296 276 275 320 353 375 372
354 337 326 316 308 319 359 426 499 549 569 555 514 456 387 339 305 390 449
466 420 338 233 204 261 333 388 407 372 283 204 218 304 391 452 482 488 476
453 418 377 337 294 249 181 92 -20 -86 -80 -33 23 60 68 40 -10 -64 -121
-180 -242 -312 -401 -513 -643 -802 -992 -1184 
-1184 -992 -807 -659 -545 -437 -347 -275 -213 -141 -54 52 188 351 526 673
781 862 902 911 916 905 877 810 691 550 400 342 329 352 352 371 393 408 393
362 326 313 310 325 348 379 424 482 529 564 560 527 473 412 337 260 320 364
427 448 424 350 257 182 212 266 321 346 319 240 169 185 269 356 414 442 449
448 431 411 387 362 331 287 220 131 55 35 50 83 123 141 130 92 43 -15 -76
-142 -212 -295 -395 -511 -644 -804 -993 -1184 
-1185 -994 -813 -674 -579 -509 -449 -400 -353 -298 -219 -74 136 359 547 689
789 849 872 865 861 860 847 805 725 616 516 462 449 456 467 467 458 429 386
330 304 294 308 342 386 436 490 536 570 576 556 509 461 416 361 324 245 327
378 419 412 368 296 233 173 205 247 282 275 211 146 165 236 314 371 396 408
403 394 381 371 360 342 308 259 195 155 137 153 180 196 197 167 118 57 -12
-82 -154 -232 -320 -422 -533 -658 -812 -997 -1185 
-1184 -992 -808 -666 -569 -483 -400 -332 -267 -192 -93 38 225 426 593 714
791 834 839 818 796 798 803 791 754 694 641 605 582 568 551 524 480 428 368
348 313 294 316 364 425 488 546 587 605 596 560 518 486 453 420 366 301 218
311 368 379 362 322 260 198 150 183 226 244 200 132 146 193 262 313 346 359
355 344 332 329 330 330 318 289 259 236 226 230 241 244 223 176 107 21 -68
-155 -229 -303 -384 -473 -568 -678 -822 -1001 -1185 
-1184 -989 -799 -644 -522 -407 -293 -185 -85 6 118 245 369 511 637 727 783
811 810 774 731 718 738 759 760 745 724 701 672 638 593 536 473 418 413 382
341 308 330 388 463 534 594 629 638 617 578 541 507 481 443 396 306 184 235
290 323 327 309 271 208 149 136 190 227 213 162 106 143 193 249 287 312 315
288 275 266 280 296 304 303 296 290 285 278 276 260 219 150 52 -67 -190
-287 -354 -410 -464 -529 -600 -695 -830 -1004 -1185 
-1184 -986 -791 -626 -478 -339 -198 -55 70 187 293 398 499 576 656 716 759
783 779 741 668 636 661 704 739 758 764 751 721 671 611 536 481 478 461 425
364 321 348 416 490 575 631 662 663 637 595 553 513 470 425 368 285 197 128
205 253 271 270 250 209 153 124 169 223 235 192 127 80 127 184 236 269 279
259 213 208 212 236 264 285 299 307 308 302 284 249 186 92 -38 -180 -333
-419 -457 -490 -525 -566 -620 -707 -837 -1007 -1186 
-1184 -985 -790 -623 -471 -306 -145 16 165 290 399 485 553 599 632 673 714
742 746 705 641 572 592 640 698 747 773 772 743 694 624 572 551 534 512 457
385 333 359 435 525 595 659 685 680 649 605 551 489 422 351 280 210 140 85
148 188 206 214 209 184 142 119 162 228 258 233 166 77 87 127 178 218 242
239 215 161 137 167 195 233 266 290 300 297 273 223 141 25 -118 -267 -374
-411 -448 -478 -520 -571 -626 -712 -841 -1009 -1186 
-1184 -989 -796 -632 -487 -321 -143 30 188 328 429 498 532 546 556 596 652
694 705 674 601 527 532 596 670 731 767 778 758 717 665 632 610 589 545 479
397 343 373 455 546 626 674 698 686 650 594 530 448 356 267 168 91 45 95
114 145 150 156 158 142 121 115 171 239 279 275 218 151 65 75 106 151 190
217 214 183 144 92 119 159 209 247 269 279 258 202 115 -2 -125 -225 -284
-334 -381 -439 -503 -563 -628 -715 -844 -1011 -1186 
-1184 -994 -806 -650 -509 -363 -184 -7 165 298 391 433 433 421 435 510 586
636 655 631 562 498 512 586 659 716 757 773 768 741 714 681 655 616 562 484
401 355 400 487 576 651 692 700 679 635 578 503 416 327 234 161 66 28 56
100 115 111 104 107 105 98 131 181 248 293 302 274 207 134 57 46 89 136 183
206 195 152 94 50 94 151 191 238 258 247 199 125 45 -45 -119 -183 -247 -326
-412 -491 -566 -627 -716 -845 -1012 -1186 
-1185 -999 -818 -669 -543 -402 -246 -72 90 212 277 281 254 229 321 432 523
581 602 577 526 485 527 584 642 692 730 758 768 764 746 715 673 621 551 467
404 375 438 529 612 671 700 692 660 610 551 486 416 340 272 205 141 85 32
64 77 81 70 76 81 102 141 197 251 295 314 301 260 194 136 89 46 96 137 172
175 148 94 31 56 92 161 216 247 242 209 160 100 32 -33 -105 -190 -291 -391
-485 -554 -623 -716 -845 -1012 -1186 
-1185 -1002 -827 -686 -571 -453 -315 -172 -42 53 84 54 -8 73 210 363 472
533 548 523 478 491 522 567 607 642 684 724 755 769 758 725 673 601 519 448
397 437 495 574 643 683 689 668 625 573 518 466 412 353 292 234 182 123 74
17 42 42 67 77 88 116 153 201 246 284 306 306 281 246 200 140 90 42 82 111
130 118 78 51 29 103 161 216 242 239 213 176 127 71 8 -68 -163 -266 -370
-459 -541 -618 -715 -845 -1012 -1186 
-1185 -1003 -830 -697 -598 -506 -409 -308 -213 -157 -144 -228 -181 -60 129
296 423 485 495 477 455 475 506 530 546 582 632 685 733 758 753 719 658 578
497 429 451 497 561 618 663 675 652 611 560 507 457 415 376 325 263 210 166
128 72 35 7 55 82 98 112 134 164 197 231 259 280 289 282 259 224 179 120 65
17 47 65 67 59 30 88 136 188 227 242 229 200 157 109 58 2 -67 -152 -246
-349 -446 -534 -617 -712 -843 -1011 -1186 
-1185 -1001 -827 -698 -612 -558 -502 -440 -378 -343 -383 -344 -313 -136 53
242 371 439 455 440 449 464 480 482 490 533 595 660 711 737 733 699 641 568
495 473 498 555 613 656 670 646 584 513 449 392 353 325 299 246 192 133 121
89 60 18 62 93 119 131 137 151 166 185 207 226 245 255 254 242 218 184 134
71 17 -17 3 24 15 74 128 183 221 245 242 213 163 103 43 -7 -50 -96 -162
-251 -353 -455 -550 -615 -709 -839 -1008 -1186 
-1184 -995 -819 -689 -611 -572 -541 -507 -469 -446 -425 -416 -320 -194 11
186 330 410 435 430 440 449 452 449 473 518 580 644 692 711 703 666 609 550
514 516 554 601 649 675 660 596 496 380 297 242 206 209 191 161 77 86 55 57
30 76 110 146 161 163 160 156 161 167 179 192 204 210 211 203 191 164 121
65 11 -37 -27 -22 41 100 166 215 250 260 246 199 128 37 -49 -114 -136 -167
-213 -291 -383 -494 -544 -613 -701 -833 -1005 -1185 
-1184 -990 -808 -673 -589 -543 -513 -476 -431 -369 -323 -295 -323 -192 -44
145 296 393 437 442 430 436 435 459 489 538 590 638 672 683 664 620 562 521
511 542 589 638 671 670 623 530 395 266 160 134 119 105 129 72 86 28 50 35
101 143 178 194 198 188 172 158 151 151 161 167 167 165 162 163 158 139 100
50 0 -8 -36 -5 41 115 179 233 267 274 252 200 118 14 -110 -206 -249 -275
-311 -354 -440 -474 -539 -600 -692 -827 -1002 -1185 
-1184 -988 -801 -658 -562 -492 -443 -390 -321 -241 -165 -146 -159 -233 -81
83 263 386 443 455 447 431 451 477 519 563 607 639 657 650 618 568 509 473
492 547 609 655 671 640 564 438 317 188 211 207 198 172 103 126 84 77 46
127 179 221 237 236 221 202 176 156 144 147 155 159 147 123 123 125 131 122
92 52 51 35 20 -8 41 102 180 239 277 284 258 201 123 13 -117 -266 -339 -384
-390 -405 -392 -438 -506 -586 -683 -822 -1000 -1185 
-1184 -989 -803 -655 -543 -452 -368 -299 -210 -111 -29 17 -26 -104 -174 23
227 369 446 469 460 454 464 503 545 587 621 640 635 612 568 514 457 429 472
542 611 653 649 588 472 359 226 275 307 332 316 262 212 147 122 79 156 213
261 279 273 253 230 200 176 154 155 158 163 161 145 119 84 94 106 116 112
108 98 92 65 35 16 92 176 243 280 286 256 193 105 -6 -149 -265 -366 -327
-321 -326 -340 -388 -472 -568 -677 -818 -998 -1185 
-1184 -994 -812 -665 -550 -437 -333 -224 -125 -16 82 133 118 0 -152 -29 161
338 439 476 479 475 488 516 562 599 624 623 602 565 516 462 414 398 448 524
594 632 608 511 394 261 310 357 415 422 384 320 236 175 114 193 246 294 317
305 277 246 214 191 167 170 173 176 174 162 141 112 82 52 83 119 140 148
149 139 110 56 22 86 177 245 281 280 236 158 55 -66 -179 -289 -248 -224
-214 -232 -281 -355 -450 -565 -672 -816 -997 -1185 
-1185 -999 -822 -683 -578 -467 -339 -210 -73 48 155 225 222 128 -12 -121 91
296 424 476 486 488 499 527 562 597 608 589 548 507 461 415 372 381 423 495
567 596 549 449 307 345 401 467 497 472 402 298 215 146 227 282 336 356 341
303 256 216 191 175 187 193 199 194 176 151 119 86 54 35 83 129 163 183 190
177 137 74 28 87 175 245 278 263 200 100 -22 -128 -226 -182 -141 -111 -117
-163 -234 -326 -448 -554 -670 -814 -996 -1185 
-1185 -1002 -829 -697 -602 -520 -403 -250 -90 65 194 283 307 245 61 -106 32
265 404 466 480 482 492 515 551 576 578 539 487 439 416 370 356 364 401 462
536 561 508 382 380 432 508 558 556 493 368 256 156 237 313 375 398 389 345
281 226 186 182 200 216 227 223 203 166 119 76 40 14 48 90 145 187 214 221
205 157 86 34 88 178 243 271 242 153 24 -88 -189 -146 -88 -34 -15 -43 -109
-195 -315 -431 -556 -666 -813 -996 -1185 
-1185 -1002 -829 -699 -615 -556 -485 -337 -159 21 184 305 363 328 173 -57
46 209 367 441 463 467 473 493 521 544 535 493 422 403 373 369 347 350 374
439 500 542 496 455 465 531 601 628 595 482 328 173 206 298 398 446 441 398
325 254 199 203 218 240 257 257 238 200 144 78 23 -6 9 49 109 164 211 241
247 221 167 89 37 93 178 243 265 224 111 -29 -150 -145 -87 -1 54 59 16 -64
-173 -291 -431 -545 -665 -813 -996 -1185 
-1184 -998 -821 -688 -605 -558 -505 -434 -262 -74 120 278 379 395 301 173 9
166 293 391 437 451 464 477 495 509 506 448 426 384 392 374 369 367 383 425
498 541 558 550 572 623 677 680 612 481 287 176 250 377 466 495 470 393 303
226 221 239 267 288 294 278 239 179 105 35 -12 -23 11 60 122 187 237 266
266 233 159 87 39 101 189 251 266 216 99 -43 -134 -116 -32 58 116 114 56
-31 -151 -293 -421 -550 -669 -815 -996 -1185 
-1184 -990 -806 -665 -573 -510 -479 -434 -376 -190 4 197 345 428 432 347
257 103 230 319 404 451 473 488 500 516 493 480 432 438 410 424 415 417 438
469 526 587 622 646 673 711 741 729 633 461 298 203 323 450 525 539 487 394
289 262 268 293 315 326 318 285 224 145 65 -4 -27 -18 9 67 132 199 257 290
286 239 166 68 65 123 208 264 276 222 113 -20 -105 -97 6 110 164 156 89 -19
-152 -296 -443 -567 -675 -818 -997 -1185 
-1184 -981 -789 -637 -527 -446 -392 -371 -356 -320 -132 62 257 407 491 501
426 337 191 311 386 458 497 525 551 549 556 526 517 485 494 471 490 506 518
562 607 657 706 734 764 795 808 776 659 463 271 293 404 524 581 572 508 407
339 323 331 343 354 349 323 272 195 111 25 -2 -16 -15 11 56 126 200 266 305
305 263 183 113 104 163 236 284 281 223 113 -11 -90 -61 42 150 207 190 111
-13 -157 -320 -472 -571 -679 -818 -997 -1185 
-1183 -971 -768 -609 -479 -369 -286 -251 -259 -280 -272 -82 120 326 484 566
578 503 416 289 393 457 527 574 613 634 627 627 593 590 571 577 570 601 641
670 713 759 794 829 855 878 883 836 709 506 325 358 488 593 634 609 535 458
404 387 382 378 372 352 314 242 161 64 44 17 -1 -11 0 38 99 182 256 306 319
290 233 176 172 209 268 300 278 192 78 -33 -71 -14 86 191 241 217 132 5
-164 -328 -461 -573 -675 -815 -996 -1185 
-1182 -960 -746 -569 -417 -280 -173 -113 -109 -156 -211 -225 -21 193 407
565 647 655 580 494 375 470 538 621 676 715 733 722 719 684 685 680 689 715
751 798 836 867 903 925 951 969 966 913 786 585 418 447 569 659 684 649 579
509 461 425 406 388 367 337 281 209 106 96 68 41 4 -14 -18 5 62 138 221 284
315 312 281 249 239 266 300 312 257 144 7 -42 -13 51 155 237 276 248 157 23
-131 -294 -439 -552 -665 -811 -994 -1185 
-1181 -951 -725 -534 -353 -189 -53 27 56 17 -68 -140 -167 57 269 492 651
729 728 655 565 454 549 631 728 789 825 840 827 822 795 803 818 832 870 914
962 993 1009 1032 1057 1070 1055 1006 881 691 544 566 664 728 735 692 625
554 491 440 398 369 342 301 249 154 149 126 96 45 8 -25 -26 -13 17 90 162
229 278 309 316 307 309 323 338 326 247 93 14 32 80 149 231 299 317 276 188
54 -100 -257 -398 -527 -654 -806 -992 -1184 
-1181 -947 -716 -510 -311 -120 47 163 215 203 136 27 -50 -103 128 350 578
737 812 802 728 641 535 635 732 839 905 936 952 940 943 929 938 967 986
1028 1077 1115 1130 1149 1157 1171 1158 1107 994 818 699 703 764 802 792
738 665 584 507 433 374 332 302 272 206 215 189 159 105 48 -3 -7 4 13 29 39
93 145 203 260 316 350 362 378 381 352 260 153 116 149 203 262 319 356 359
306 207 74 -84 -234 -385 -521 -654 -806 -992 -1184 
-1181 -950 -723 -520 -306 -86 111 269 359 385 348 258 127 37 -44 199 430
670 826 894 882 813 723 616 724 837 950 1018 1050 1068 1068 1073 1070 1084
1116 1147 1190 1228 1258 1262 1274 1270 1265 1214 1109 959 855 837 868 882
847 781 695 603 507 421 350 305 270 246 265 252 230 181 116 41 13 28 55 75
77 72 50 62 99 183 276 356 402 417 426 394 326 258 257 282 326 366 400 416
392 326 215 71 -89 -263 -413 -551 -661 -808 -992 -1184 
-1182 -957 -741 -554 -339 -104 135 329 466 539 548 483 372 221 112 15 280
519 766 914 982 970 895 803 697 825 947 1066 1137 1172 1195 1199 1208 1216
1237 1271 1308 1346 1370 1384 1384 1382 1360 1315 1217 1085 983 959 965 949
895 812 715 604 498 406 339 297 288 292 297 290 254 200 126 64 44 76 114
144 153 138 110 64 68 131 230 331 412 455 462 450 408 384 375 403 426 453
469 461 418 335 212 52 -140 -314 -473 -566 -674 -812 -994 -1185 
-1182 -965 -760 -586 -403 -164 101 345 527 647 706 685 599 475 312 189 84
376 618 864 1010 1075 1057 976 894 794 932 1067 1189 1262 1303 1325 1331
1345 1364 1396 1433 1462 1484 1496 1498 1490 1457 1403 1304 1189 1097 1062
1045 1002 927 829 712 595 480 391 337 313 313 323 323 310 274 213 150 96 90
118 164 202 224 225 200 173 143 140 209 311 401 474 508 506 495 474 482 492
510 521 521 494 437 334 195 7 -179 -373 -490 -591 -681 -816 -995 -1185 
-1183 -970 -771 -612 -457 -243 35 306 534 708 807 844 805 710 576 403 281
170 469 715 966 1107 1166 1149 1070 991 908 1050 1195 1315 1388 1429 1452
1462 1488 1516 1544 1579 1599 1607 1601 1583 1550 1478 1380 1276 1197 1154
1103 1033 938 818 689 562 452 376 338 325 329 335 333 315 277 225 169 131
125 151 194 239 273 291 293 278 259 243 247 312 405 479 536 561 557 557 554
567 571 577 561 522 442 327 158 -4 -218 -371 -517 -596 -686 -817 -995 -1185 
-1183 -970 -773 -623 -493 -303 -49 229 498 709 869 953 966 914 815 681 507
383 270 568 826 1070 1203 1260 1244 1171 1102 1043 1181 1329 1442 1511 1547
1577 1602 1631 1654 1679 1701 1709 1695 1670 1619 1542 1449 1359 1284 1214
1131 1029 907 772 635 507 406 348 321 319 324 325 314 289 254 210 170 144
143 160 195 239 284 320 342 353 353 348 341 362 422 497 556 599 615 614 617
617 625 615 593 536 446 305 161 -42 -199 -395 -498 -598 -684 -816 -994
-1184 
-1182 -967 -770 -626 -494 -331 -112 157 418 669 868 1010 1074 1075 1024 928
793 618 486 385 683 938 1171 1299 1352 1338 1274 1228 1204 1328 1467 1567
1632 1670 1705 1732 1752 1771 1788 1791 1777 1739 1678 1597 1509 1430 1340
1238 1117 974 826 682 548 432 341 287 271 277 280 278 253 225 191 160 136
125 126 138 158 193 236 288 335 371 395 408 419 432 470 526 584 625 655 664
664 666 660 649 608 542 430 315 136 -27 -239 -354 -507 -585 -681 -812 -992
-1184 
-1182 -965 -768 -622 -496 -328 -123 89 343 587 823 1004 1128 1185 1181 1131
1033 895 720 585 509 802 1061 1275 1394 1442 1433 1393 1373 1377 1483 1602
1691 1750 1786 1818 1842 1851 1861 1860 1840 1793 1723 1641 1554 1464 1354
1217 1050 861 683 544 429 332 255 204 198 198 208 188 165 124 96 73 66 79
86 82 83 89 133 193 260 313 360 404 443 482 521 565 614 656 684 702 705 703
694 666 617 531 440 292 149 -63 -186 -376 -479 -585 -672 -806 -989 -1184 
-1182 -967 -770 -626 -494 -335 -148 70 278 521 752 962 1122 1231 1279 1276
1219 1122 988 808 663 676 959 1202 1384 1487 1534 1536 1520 1515 1533 1635
1730 1805 1858 1892 1915 1925 1922 1915 1884 1826 1753 1661 1566 1454 1316
1142 929 707 496 375 291 228 167 146 122 130 122 113 62 50 -4 -20 3 16 25
23 -10 -1 19 83 133 188 250 326 411 489 546 597 639 684 714 730 739 734 719
683 614 545 429 299 114 -2 -194 -328 -483 -562 -659 -796 -984 -1184 
-1183 -970 -776 -634 -523 -381 -190 20 248 467 691 898 1087 1233 1323 1359
1352 1293 1196 1061 908 812 900 1130 1343 1497 1583 1630 1649 1638 1644
1676 1768 1845 1907 1949 1973 1982 1977 1954 1908 1841 1751 1652 1527 1386
1227 1010 766 512 341 230 192 161 150 121 119 100 92 73 65 9 -4 -34 -58 -42
-25 -36 -3 7 29 17 26 50 120 227 355 459 549 607 662 702 737 756 764 759
738 697 631 544 443 294 172 10 -123 -308 -426 -533 -635 -783 -977 -1183 
-1183 -972 -779 -643 -553 -435 -268 -56 175 408 630 844 1037 1200 1322 1395
1422 1411 1355 1270 1162 1051 993 1123 1298 1479 1602 1682 1727 1744 1742
1764 1807 1880 1943 1990 2018 2026 2015 1982 1922 1837 1731 1591 1434 1255
1073 859 570 387 240 206 164 177 168 169 152 145 132 127 105 68 21 -26 -74
-67 -67 -17 23 65 80 80 65 40 78 181 302 434 528 610 665 716 750 773 782
777 755 712 647 566 454 348 218 85 -84 -229 -368 -483 -615 -770 -970 -1183 
-1183 -970 -775 -637 -555 -483 -346 -168 65 311 551 777 979 1151 1285 1388
1451 1476 1466 1423 1355 1266 1196 1170 1315 1450 1600 1705 1771 1812 1832
1843 1872 1915 1975 2021 2050 2059 2042 2000 1926 1828 1688 1517 1317 1119
917 705 576 342 275 188 211 205 218 208 203 196 193 185 160 113 52 -21 -59
-87 -53 -11 48 102 139 162 157 150 139 197 306 411 518 597 670 718 756 780
792 785 764 725 669 591 497 390 272 124 -17 -178 -317 -460 -605 -765 -968
-1183 
-1182 -962 -757 -610 -511 -456 -413 -267 -71 184 438 680 898 1081 1232 1355
1447 1504 1529 1524 1490 1437 1372 1335 1333 1470 1587 1707 1794 1852 1892
1913 1933 1964 2009 2048 2074 2080 2059 2009 1935 1818 1669 1487 1291 1074
873 756 577 437 260 255 215 243 239 215 202 199 212 207 183 134 63 1 -61
-70 -58 -16 45 110 172 213 240 246 259 277 344 432 517 602 670 724 760 784
795 789 769 734 686 615 533 425 300 167 3 -148 -313 -473 -613 -770 -969
-1183 
-1181 -950 -731 -559 -438 -369 -356 -337 -172 32 296 552 793 998 1171 1317
1428 1508 1557 1581 1577 1553 1513 1472 1457 1488 1606 1703 1798 1872 1926
1961 1984 2011 2043 2074 2095 2096 2071 2020 1939 1841 1700 1545 1365 1168
988 800 626 393 359 258 244 228 215 194 120 151 167 179 177 139 85 15 -27
-59 -64 -33 25 99 170 231 275 309 335 367 406 469 543 612 677 726 764 785
793 786 765 735 690 634 552 454 338 182 25 -153 -342 -493 -624 -776 -973
-1183 
-1181 -940 -708 -514 -355 -257 -220 -241 -262 -80 135 400 655 897 1105 1273
1403 1500 1565 1604 1620 1615 1596 1570 1556 1573 1623 1716 1795 1876 1940
1990 2023 2046 2075 2097 2111 2106 2078 2025 1959 1865 1754 1607 1439 1251
1031 819 551 499 354 301 207 178 192 139 157 84 68 128 140 141 109 62 15
-29 -59 -56 -1 73 145 212 263 313 360 409 455 508 569 631 685 729 763 782
785 772 752 722 687 638 573 482 360 224 45 -149 -324 -493 -620 -776 -973
-1183 
-1180 -933 -692 -490 -292 -140 -65 -90 -145 -191 -8 196 466 756 1010 1214
1373 1484 1558 1604 1626 1629 1621 1613 1613 1632 1673 1729 1810 1877 1947
2004 2048 2077 2097 2119 2124 2112 2080 2032 1965 1885 1775 1628 1436 1213
987 716 659 505 409 276 233 208 168 205 180 140 89 27 93 116 131 107 68 8
-48 -63 -28 36 103 152 200 257 325 399 471 531 587 646 691 731 758 772 768
748 720 690 662 628 577 498 395 254 95 -87 -272 -439 -596 -763 -968 -1182 
-1180 -930 -690 -474 -268 -61 68 100 32 -59 -154 -39 249 561 870 1124 1319
1457 1541 1588 1610 1612 1607 1607 1622 1659 1706 1762 1826 1896 1958 2015
2060 2095 2119 2131 2131 2112 2074 2017 1954 1868 1751 1583 1360 1104 856
811 674 578 428 344 289 257 250 232 201 146 73 28 -8 88 126 136 110 53 -10
-43 -44 1 39 72 102 163 259 368 455 535 596 649 698 730 752 758 747 717 675
636 609 588 561 504 410 297 149 -20 -197 -379 -556 -742 -959 -1182 
-1180 -931 -689 -485 -246 -28 162 261 251 146 6 -115 27 352 683 994 1233
1405 1513 1565 1583 1583 1580 1580 1610 1663 1724 1787 1849 1915 1972 2025
2067 2102 2127 2137 2132 2107 2056 1991 1908 1816 1681 1514 1267 1031 941
840 752 618 521 428 361 321 283 233 165 86 19 -57 -9 32 92 131 138 103 52
14 -7 -25 -6 -4 22 93 213 331 447 530 601 655 695 724 736 737 722 688 635
567 524 521 517 482 418 318 187 25 -147 -336 -524 -728 -954 -1181 
-1180 -935 -697 -481 -258 2 217 377 440 387 247 109 14 178 508 840 1120
1330 1465 1535 1558 1564 1557 1569 1603 1653 1720 1789 1859 1918 1976 2024
2066 2100 2123 2135 2129 2098 2047 1964 1871 1758 1622 1444 1298 1125 1031
939 823 709 602 506 426 356 279 194 98 8 -82 -64 -62 -14 41 103 148 155 123
88 55 27 -13 -17 11 99 200 328 441 539 608 658 692 708 711 707 693 663 614
545 448 440 434 430 388 314 193 45 -136 -331 -529 -728 -953 -1181 
-1181 -940 -708 -500 -268 -6 255 461 583 599 519 397 292 249 424 723 1025
1252 1414 1504 1553 1560 1551 1564 1591 1636 1691 1759 1830 1895 1952 2004
2047 2084 2113 2128 2123 2098 2043 1970 1864 1748 1608 1490 1356 1255 1150
1029 913 793 669 561 460 355 242 127 31 -67 -67 -113 -90 -80 -18 66 143 185
183 168 142 106 80 57 86 145 241 346 455 546 613 654 674 677 675 668 655
637 603 535 455 331 337 326 325 272 176 31 -155 -355 -554 -738 -956 -1181 
-1181 -947 -725 -530 -292 -31 266 514 694 764 766 693 599 536 551 751 987
1221 1382 1504 1556 1571 1560 1551 1569 1599 1641 1695 1758 1830 1900 1964
2019 2064 2101 2117 2119 2097 2054 1986 1900 1791 1679 1565 1460 1360 1245
1116 981 854 709 574 441 315 177 63 -35 -22 -56 -79 -127 -117 -75 19 119
197 239 241 235 217 194 191 204 248 308 391 477 554 607 632 637 632 626 618
607 600 578 538 449 342 196 213 211 200 129 3 -173 -378 -560 -743 -957
-1181 
-1181 -952 -739 -559 -351 -60 245 540 758 899 941 942 885 831 826 904 1072
1233 1401 1509 1576 1587 1571 1547 1551 1564 1582 1619 1683 1760 1856 1936
2003 2054 2088 2106 2108 2094 2062 2009 1937 1848 1751 1650 1550 1438 1317
1181 1035 876 717 538 383 237 119 11 39 9 -21 -87 -66 -68 -72 -17 91 199
272 314 321 324 319 316 332 360 401 448 503 553 582 587 581 573 565 554 549
544 543 518 455 333 191 44 70 88 67 -26 -179 -362 -552 -736 -955 -1181 
-1181 -952 -743 -576 -389 -116 227 534 798 979 1088 1116 1123 1081 1091
1130 1212 1330 1436 1540 1598 1609 1580 1557 1537 1544 1573 1614 1665 1754
1840 1929 2000 2049 2076 2087 2088 2080 2059 2021 1965 1892 1810 1722 1616
1500 1374 1231 1077 899 696 485 288 169 60 117 113 62 -37 -23 -3 21 22 23
90 201 301 367 405 415 426 430 442 458 478 497 514 526 527 516 507 492 485
481 472 486 495 483 434 331 166 -32 -99 -35 -7 -64 -188 -355 -533 -730 -953
-1181 
-1181 -947 -735 -568 -380 -115 208 547 823 1040 1180 1266 1279 1299 1285
1331 1382 1443 1525 1588 1632 1637 1605 1562 1541 1550 1586 1640 1709 1787
1874 1946 2008 2044 2055 2053 2049 2051 2043 2018 1979 1922 1852 1768 1662
1546 1408 1264 1099 905 674 415 206 87 174 215 207 119 -5 7 63 115 137 141
153 236 338 418 468 499 512 522 524 525 517 505 488 465 441 424 403 393 390
386 406 419 439 440 399 302 139 -50 -178 -143 -88 -116 -217 -364 -541 -733
-956 -1181 
-1180 -938 -712 -533 -327 -73 229 554 844 1085 1256 1355 1422 1439 1467
1478 1517 1567 1615 1661 1682 1680 1647 1598 1566 1562 1600 1668 1749 1834
1913 1978 2024 2042 2023 1996 1988 1999 2002 1996 1971 1931 1871 1789 1686
1559 1424 1266 1081 865 623 350 136 182 270 320 284 182 69 10 110 209 251
267 277 315 397 471 524 558 580 584 577 551 510 464 418 370 335 308 293 284
273 297 321 362 387 388 350 259 102 -93 -241 -225 -174 -184 -269 -403 -567
-749 -963 -1182 
-1180 -929 -688 -473 -251 1 283 575 879 1117 1312 1443 1512 1564 1590 1614
1631 1666 1702 1734 1747 1737 1712 1672 1628 1600 1616 1682 1772 1861 1943
2004 2040 2041 2003 1924 1910 1905 1931 1939 1935 1911 1860 1783 1676 1547
1394 1212 1003 775 517 308 167 288 381 394 330 209 111 53 175 294 364 386
404 421 469 532 581 611 627 626 596 540 461 380 308 252 215 193 183 166 169
203 264 312 338 335 299 202 47 -157 -322 -321 -272 -274 -340 -454 -601 -772
-975 -1183 
-1179 -925 -674 -443 -192 84 362 640 899 1152 1351 1505 1598 1653 1694 1717
1736 1758 1786 1805 1818 1812 1797 1762 1715 1678 1669 1709 1788 1876 1957
2023 2053 2043 1992 1916 1794 1803 1807 1842 1854 1852 1817 1741 1632 1484
1301 1096 871 624 416 233 344 420 476 440 321 198 86 179 269 384 467 503
513 530 549 593 635 658 664 646 594 506 395 276 192 135 107 98 84 85 92 149
223 274 290 287 244 145 -20 -229 -400 -410 -378 -376 -422 -512 -635 -794
-986 -1184 
-1179 -925 -680 -453 -183 122 426 710 964 1188 1393 1554 1667 1731 1773
1802 1824 1844 1865 1878 1888 1892 1880 1853 1815 1775 1760 1775 1825 1901
1977 2034 2062 2053 2006 1912 1805 1655 1676 1677 1719 1735 1725 1666 1541
1365 1155 916 673 482 290 399 486 557 547 449 294 122 162 265 394 485 559
602 617 621 634 651 681 697 690 655 582 475 334 203 112 73 51 38 37 37 71
126 194 233 253 242 194 91 -70 -288 -430 -482 -464 -467 -495 -567 -669 -814
-996 -1184 
-1179 -926 -688 -484 -215 105 450 761 1025 1254 1439 1599 1721 1800 1841
1873 1902 1923 1936 1947 1956 1964 1959 1938 1908 1878 1856 1865 1887 1940
2000 2047 2068 2060 2021 1946 1827 1691 1506 1499 1494 1531 1571 1538 1411
1200 933 673 478 332 463 559 640 653 584 451 251 153 222 373 498 589 643
680 698 700 704 712 722 728 709 662 583 464 324 194 129 101 67 28 17 34 74
125 168 199 206 197 151 57 -97 -248 -386 -474 -514 -521 -550 -605 -695 -830
-1004 -1185 
-1179 -923 -688 -490 -243 79 436 776 1065 1295 1487 1642 1765 1855 1906
1942 1970 1991 2002 2007 2019 2027 2027 2013 1991 1965 1953 1945 1963 1991
2031 2062 2072 2062 2028 1974 1884 1741 1571 1321 1211 1276 1338 1352 1231
989 727 428 379 539 643 734 759 709 600 419 305 231 350 484 594 664 709 735
747 752 752 755 758 749 725 677 601 497 376 266 212 166 109 53 24 43 78 114
137 148 154 145 114 42 -55 -182 -306 -412 -483 -535 -570 -619 -707 -839
-1008 -1185 
-1178 -917 -671 -466 -220 102 429 773 1072 1320 1523 1680 1808 1898 1964
2002 2031 2048 2059 2065 2073 2080 2082 2071 2056 2040 2023 2019 2023 2041
2058 2072 2071 2054 2024 1982 1916 1813 1644 1419 1133 996 1107 1094 995
802 515 585 650 742 840 873 838 743 581 462 343 403 485 590 666 714 738 748
754 759 765 771 774 764 738 692 628 543 445 361 293 225 151 79 43 55 79 95
95 85 86 82 72 38 -23 -114 -226 -333 -419 -493 -553 -618 -710 -842 -1010
-1186 
-1178 -908 -647 -415 -152 153 495 793 1081 1335 1544 1713 1836 1935 2003
2050 2078 2096 2105 2113 2116 2121 2120 2113 2100 2087 2074 2066 2063 2069
2076 2074 2060 2031 1997 1961 1918 1853 1741 1559 1339 1119 851 869 792 603
753 826 914 967 988 969 896 765 617 483 493 534 601 659 698 714 712 703 700
707 726 746 760 758 738 703 649 583 506 434 356 269 181 111 80 84 94 87 49
23 -13 -10 -5 3 -23 -77 -164 -263 -359 -450 -532 -610 -707 -840 -1010 -1186 
-1177 -899 -623 -360 -70 244 566 867 1130 1368 1572 1734 1862 1957 2030
2079 2109 2126 2137 2141 2144 2143 2140 2131 2118 2105 2094 2084 2079 2077
2075 2066 2041 1994 1948 1907 1881 1857 1799 1695 1534 1299 1053 760 695
885 986 1095 1122 1125 1097 1037 940 819 679 597 602 641 667 678 674 651
618 587 574 582 628 676 707 723 723 702 663 606 545 474 397 308 224 167 149
138 128 108 62 -15 -79 -137 -94 -82 -61 -83 -142 -231 -332 -432 -522 -608
-705 -838 -1008 -1186 
-1177 -890 -601 -309 8 336 645 944 1202 1418 1609 1760 1882 1977 2045 2092
2120 2137 2145 2148 2147 2141 2135 2124 2110 2094 2081 2071 2062 2056 2056
2046 2012 1949 1877 1825 1812 1816 1811 1771 1670 1517 1296 1130 1076 1139
1246 1284 1279 1234 1175 1092 996 884 776 720 704 709 693 656 599 533 457
391 361 393 476 548 608 651 675 678 656 617 563 502 431 356 283 244 217 203
182 153 107 49 -26 -102 -211 -166 -148 -139 -180 -256 -356 -452 -538 -611
-704 -835 -1006 -1185 
-1176 -883 -581 -273 67 408 730 1008 1258 1473 1643 1785 1897 1985 2047
2087 2111 2124 2129 2130 2122 2114 2104 2093 2074 2054 2035 2023 2012 2014
2019 2011 1971 1889 1784 1715 1703 1730 1776 1795 1764 1675 1549 1455 1413
1409 1420 1420 1378 1312 1235 1149 1053 957 870 814 787 756 706 623 528 406
296 195 111 194 269 369 456 527 586 618 622 602 568 518 462 396 343 302 277
254 234 207 172 128 65 -36 -143 -272 -241 -242 -269 -334 -408 -498 -550
-608 -697 -830 -1003 -1185 
-1176 -878 -578 -248 94 451 770 1051 1298 1499 1667 1798 1901 1977 2029
2060 2075 2084 2089 2082 2072 2057 2047 2035 2014 1986 1960 1940 1943 1950
1961 1954 1917 1818 1674 1571 1548 1616 1707 1781 1803 1772 1709 1649 1606
1577 1544 1500 1441 1365 1282 1198 1110 1020 941 883 844 797 725 637 522
409 274 150 124 17 75 143 243 361 450 517 551 559 546 516 470 421 371 331
301 278 260 242 220 189 135 50 -72 -196 -332 -340 -373 -414 -466 -480 -524
-587 -682 -820 -998 -1185 
-1176 -879 -578 -263 100 442 768 1061 1300 1510 1664 1789 1885 1949 1988
2002 2015 2018 2015 2009 1994 1978 1963 1946 1920 1889 1855 1835 1846 1868
1877 1880 1838 1733 1554 1392 1389 1492 1630 1739 1799 1806 1780 1741 1697
1655 1603 1543 1470 1390 1310 1231 1149 1067 991 932 885 829 763 688 601
507 407 320 219 131 -32 -70 56 152 274 371 439 478 493 482 455 415 366 318
281 257 242 238 231 214 178 112 12 -121 -260 -376 -414 -433 -416 -434 -471
-550 -659 -807 -992 -1184 
-1176 -882 -587 -276 64 425 756 1051 1305 1497 1651 1765 1844 1892 1910
1924 1922 1919 1916 1902 1891 1875 1853 1826 1793 1750 1715 1713 1731 1743
1774 1772 1725 1610 1408 1217 1213 1374 1552 1685 1763 1790 1782 1755 1718
1669 1614 1546 1471 1387 1309 1235 1162 1088 1019 956 902 849 793 739 683
619 549 475 396 277 145 25 -117 -28 74 193 285 355 401 416 412 381 333 274
219 186 175 183 196 202 189 150 77 -29 -154 -250 -306 -326 -335 -357 -418
-511 -636 -793 -986 -1184 
-1176 -885 -590 -293 41 398 743 1044 1285 1477 1621 1717 1776 1798 1809
1798 1808 1795 1778 1768 1749 1746 1715 1673 1617 1572 1549 1559 1562 1614
1633 1625 1556 1403 1188 1010 1070 1284 1486 1625 1705 1735 1735 1717 1683
1637 1578 1512 1436 1354 1273 1204 1138 1068 1002 939 884 834 790 749 716
677 635 584 522 437 325 167 9 -161 -87 -3 96 190 263 317 338 326 282 212
131 79 67 83 117 150 170 160 118 47 -38 -110 -163 -199 -237 -291 -371 -485
-617 -782 -980 -1184 
-1177 -885 -591 -282 50 391 717 1008 1244 1424 1554 1634 1665 1671 1652
1666 1641 1634 1613 1576 1588 1572 1542 1477 1404 1355 1354 1338 1396 1440
1466 1415 1288 1093 855 800 992 1240 1431 1556 1622 1648 1649 1636 1609
1558 1503 1437 1363 1287 1197 1135 1073 1005 935 874 819 776 731 700 677
667 645 619 581 525 435 308 133 -34 -206 -172 -113 -15 95 179 236 255 221
140 37 -45 -75 -48 7 72 122 139 123 87 38 -16 -64 -111 -169 -245 -344 -463
-610 -777 -977 -1183 
-1176 -884 -585 -277 59 386 683 948 1166 1336 1446 1504 1521 1488 1493 1464
1468 1424 1375 1385 1371 1373 1318 1229 1151 1110 1077 1139 1198 1245 1226
1129 941 669 522 674 965 1206 1373 1467 1510 1528 1528 1522 1486 1439 1381
1313 1252 1174 1093 1018 959 892 826 757 710 666 624 590 588 586 585 578
565 532 473 378 245 71 -95 -270 -294 -199 -93 25 119 164 150 64 -60 -172
-223 -189 -106 -15 52 84 92 78 52 16 -26 -79 -145 -230 -333 -460 -607 -778
-978 -1183 
-1176 -883 -586 -275 44 353 632 871 1067 1209 1298 1338 1312 1302 1257 1263
1217 1162 1138 1115 1159 1127 1041 934 862 784 841 912 989 995 918 764 518
289 306 632 923 1144 1273 1340 1365 1362 1375 1355 1325 1276 1209 1150 1087
1014 936 870 796 732 663 603 556 512 464 439 437 455 464 480 482 472 442
381 282 148 -26 -186 -295 -347 -250 -121 8 65 56 -19 -147 -285 -356 -305
-201 -99 -32 7 23 23 13 -11 -49 -97 -162 -246 -350 -470 -615 -783 -982
-1184 
-1176 -883 -592 -296 7 306 557 769 927 1036 1106 1110 1100 1027 1022 974
916 882 836 868 887 844 728 613 492 522 564 683 734 693 556 340 111 24 302
579 849 1019 1112 1159 1165 1175 1160 1152 1115 1065 1005 942 878 812 744
667 597 526 464 411 359 310 274 249 245 272 306 323 350 361 352 316 243 140
4 -146 -284 -356 -354 -197 -90 -44 -59 -122 -240 -370 -435 -375 -267 -176
-116 -86 -77 -66 -68 -85 -116 -155 -212 -291 -386 -500 -632 -795 -988 -1184 
-1176 -887 -601 -333 -42 219 454 615 731 820 860 863 792 764 689 637 597
541 551 593 587 520 396 247 176 178 320 417 439 349 173 -48 -169 11 241 520
707 827 899 912 942 926 915 895 860 813 760 685 637 575 506 435 361 293 235
182 128 93 59 27 22 58 106 151 176 207 214 184 133 50 -59 -194 -315 -404
-333 -247 -178 -159 -189 -250 -337 -436 -476 -409 -324 -255 -214 -200 -191
-185 -178 -193 -213 -248 -288 -355 -442 -542 -659 -812 -996 -1185 
-1177 -897 -624 -363 -128 105 276 402 500 563 591 542 490 393 343 282 245
221 258 266 270 177 47 -83 -155 -65 72 154 121 3 -179 -316 -245 -70 168 349
490 584 615 656 655 652 619 590 569 530 456 416 350 304 239 174 109 46 -11
-63 -105 -140 -164 -192 -204 -154 -99 -51 -8 23 34 14 -37 -104 -198 -305
-417 -397 -352 -297 -272 -293 -323 -374 -446 -505 -494 -447 -389 -347 -327
-324 -326 -313 -311 -319 -339 -353 -388 -434 -502 -590 -695 -835 -1008
-1186 
-1179 -917 -659 -445 -240 -74 52 154 231 287 278 223 124 44 -34 -50 -84 -47
-61 -22 -72 -134 -258 -371 -359 -263 -158 -117 -176 -297 -420 -436 -356
-181 -23 98 206 281 329 347 342 337 295 254 247 204 162 99 56 3 -41 -92
-142 -200 -250 -292 -326 -341 -358 -401 -387 -346 -289 -245 -203 -172 -164
-186 -227 -286 -360 -456 -462 -449 -408 -386 -400 -416 -454 -498 -541 -546
-538 -504 -471 -453 -450 -450 -451 -449 -441 -456 -459 -473 -494 -522 -571
-639 -737 -866 -1024 -1187 
-1181 -947 -723 -545 -401 -283 -183 -103 -43 -12 -41 -108 -196 -285 -323
-349 -313 -335 -291 -319 -324 -403 -482 -519 -500 -428 -363 -370 -417 -500
-543 -537 -464 -365 -263 -173 -91 -19 23 12 27 -3 -36 -77 -84 -114 -160
-188 -245 -270 -309 -333 -379 -416 -452 -484 -494 -500 -525 -525 -525 -494
-461 -425 -388 -364 -367 -385 -421 -463 -521 -541 -554 -528 -504 -509 -515
-541 -570 -596 -610 -612 -599 -582 -567 -560 -566 -566 -569 -564 -569 -565
-573 -583 -593 -614 -649 -707 -791 -906 -1045 -1188 
-1184 -992 -809 -666 -567 -483 -407 -358 -320 -318 -339 -399 -470 -517 -540
-527 -536 -511 -528 -515 -552 -583 -615 -628 -614 -583 -560 -568 -599 -627
-645 -633 -599 -548 -489 -428 -371 -322 -293 -281 -315 -314 -352 -358 -391
-398 -422 -465 -477 -508 -517 -548 -571 -593 -612 -624 -631 -638 -643 -645
-636 -626 -609 -591 -568 -554 -557 -574 -596 -621 -641 -655 -650 -640 -632
-633 -645 -661 -680 -695 -702 -702 -695 -686 -679 -676 -676 -679 -678 -680
-679 -681 -684 -691 -701 -719 -749 -796 -866 -959 -1073 -1190 
-1189 -1050 -919 -817 -742 -685 -644 -616 -606 -605 -620 -647 -679 -703
-709 -711 -705 -708 -705 -716 -728 -748 -761 -765 -759 -746 -740 -746 -763
-779 -785 -777 -756 -727 -694 -660 -630 -604 -579 -588 -592 -610 -616 -629
-635 -647 -659 -674 -691 -699 -715 -730 -749 -763 -774 -781 -787 -791 -793
-791 -787 -780 -772 -761 -750 -743 -746 -757 -772 -787 -796 -800 -797 -792
-789 -792 -800 -810 -820 -829 -833 -833 -830 -826 -823 -821 -820 -820 -821
-821 -823 -824 -826 -830 -839 -853 -875 -911 -961 -1028 -1109 -1193 
-1194 -1121 -1052 -997 -957 -928 -908 -896 -892 -895 -901 -911 -921 -929
-932 -933 -934 -933 -935 -939 -947 -955 -961 -962 -960 -956 -954 -958 -966
-973 -976 -971 -961 -946 -931 -916 -903 -889 -882 -880 -887 -891 -897 -900
-905 -909 -915 -921 -927 -933 -941 -949 -958 -966 -972 -977 -980 -983 -983
-982 -979 -976 -972 -967 -962 -960 -962 -967 -974 -982 -986 -988 -986 -984
-983 -985 -989 -994 -999 -1003 -1005 -1005 -1004 -1002 -1001 -1000 -1000
-1000 -1000 -1001 -1001 -1002 -1003 -1005 -1010 -1018 -1030 -1048 -1074
-1109 -1152 -1196 
-1198 -1194 -1189 -1185 -1182 -1179 -1178 -1177 -1177 -1177 -1178 -1178
-1179 -1179 -1179 -1180 -1180 -1180 -1180 -1181 -1181 -1181 -1182 -1182
-1182 -1181 -1181 -1182 -1182 -1183 -1183 -1183 -1182 -1181 -1180 -1178
-1178 -1177 -1176 -1176 -1176 -1177 -1177 -1178 -1178 -1178 -1179 -1179
-1180 -1180 -1181 -1181 -1182 -1182 -1183 -1183 -1184 -1184 -1184 -1184
-1183 -1183 -1183 -1182 -1182 -1182 -1182 -1182 -1183 -1184 -1184 -1184
-1184 -1184 -1184 -1184 -1184 -1184 -1185 -1185 -1185 -1185 -1185 -1185
-1185 -1185 -1185 -1185 -1185 -1185 -1185 -1185 -1185 -1185 -1186 -1187
-1187 -1189 -1190 -1193 -1196 -1199 
