102 102 
-1199 -1197 -1194 -1192 -1190 -1189 -1188 -1188 -1187 -1187 -1187 -1187
-1187 -1187 -1187 -1187 -1187 -1187 -1187 -1187 -1187 -1187 -1187 -1187
-1187 -1187 -1187 -1186 -1186 -1186 -1186 -1186 -1186 -1186 -1186 -1186
-1186 -1186 -1186 -1187 -1186 -1186 -1186 -1186 -1185 -1185 -1185 -1184
-1184 -1184 -1183 -1183 -1182 -1182 -1182 -1182 -1183 -1183 -1184 -1184
-1183 -1183 -1183 -1183 -1183 -1182 -1182 -1182 -1182 -1182 -1182 -1182
-1182 -1182 -1181 -1181 -1181 -1180 -1180 -1180 -1179 -1179 -1179 -1179
-1178 -1178 -1177 -1177 -1176 -1176 -1176 -1176 -1176 -1176 -1177 -1178
-1180 -1182 -1185 -1190 -1195 -1198 
-1197 -1159 -1123 -1094 -1071 -1055 -1044 -1037 -1033 -1031 -1031 -1031
-1031 -1030 -1029 -1028 -1027 -1026 -1026 -1027 -1027 -1027 -1025 -1023
-1021 -1020 -1018 -1017 -1015 -1013 -1011 -1009 -1007 -1007 -1009 -1011
-1014 -1016 -1017 -1018 -1017 -1015 -1013 -1010 -1007 -1003 -998 -994 -990
-984 -978 -971 -964 -960 -960 -965 -971 -978 -981 -982 -980 -977 -975 -973
-969 -966 -962 -961 -961 -962 -965 -965 -964 -960 -955 -950 -944 -938 -934
-932 -932 -930 -926 -919 -912 -906 -900 -896 -890 -884 -877 -877 -880 -887
-895 -908 -929 -960 -1003 -1059 -1126 -1195 
-1194 -1123 -1053 -997 -954 -923 -903 -890 -883 -879 -878 -878 -879 -878
-877 -875 -873 -871 -871 -872 -873 -872 -870 -867 -862 -858 -855 -854 -852
-849 -844 -839 -836 -835 -838 -842 -848 -852 -856 -857 -856 -853 -848 -842
-836 -828 -821 -813 -804 -794 -783 -772 -761 -752 -753 -762 -776 -788 -796
-797 -792 -785 -780 -776 -772 -766 -760 -757 -757 -761 -765 -767 -766 -760
-752 -741 -730 -715 -701 -697 -699 -699 -686 -670 -650 -641 -628 -617 -599
-585 -572 -570 -581 -592 -608 -637 -681 -743 -826 -932 -1060 -1190 
-1192 -1094 -997 -917 -857 -815 -787 -770 -760 -755 -754 -755 -757 -758
-757 -755 -751 -748 -748 -750 -752 -752 -749 -743 -735 -728 -724 -724 -724
-721 -714 -706 -701 -698 -701 -706 -715 -723 -729 -733 -732 -728 -721 -713
-704 -694 -683 -672 -658 -642 -624 -609 -596 -583 -580 -598 -625 -650 -665
-667 -657 -642 -631 -625 -620 -612 -602 -593 -597 -605 -618 -620 -622 -613
-601 -584 -564 -539 -500 -485 -506 -506 -485 -450 -418 -384 -380 -337 -308
-276 -255 -261 -269 -302 -332 -384 -468 -561 -681 -831 -1006 -1186 
-1190 -1070 -953 -856 -783 -732 -700 -680 -669 -663 -662 -665 -669 -672
-672 -670 -666 -663 -662 -664 -666 -667 -665 -657 -645 -634 -627 -628 -632
-632 -625 -612 -605 -597 -596 -603 -614 -626 -638 -647 -649 -646 -637 -624
-610 -594 -579 -558 -545 -516 -484 -457 -432 -403 -390 -420 -489 -541 -576
-583 -568 -530 -500 -487 -480 -468 -443 -422 -420 -458 -473 -497 -485 -479
-446 -412 -375 -332 -278 -247 -260 -284 -260 -210 -145 -110 -72 -42 11 51
71 68 40 2 -56 -140 -257 -410 -576 -751 -963 -1182 
-1189 -1054 -921 -812 -730 -674 -637 -614 -603 -597 -594 -601 -609 -616
-620 -620 -617 -611 -608 -608 -611 -614 -614 -606 -589 -566 -551 -551 -563
-573 -567 -549 -524 -510 -500 -510 -527 -546 -566 -585 -595 -595 -583 -559
-529 -503 -469 -441 -404 -373 -330 -283 -245 -193 -164 -192 -271 -390 -464
-497 -461 -405 -331 -291 -292 -279 -241 -209 -208 -239 -289 -296 -314 -283
-233 -170 -129 -68 -12 33 29 13 18 75 144 206 240 289 334 379 392 376 347
293 205 84 -81 -276 -481 -690 -932 -1180 
-1188 -1042 -899 -782 -695 -635 -592 -564 -542 -532 -531 -539 -558 -573
-585 -590 -588 -575 -565 -561 -566 -578 -586 -581 -548 -513 -482 -467 -478
-501 -524 -502 -470 -431 -415 -411 -431 -451 -482 -510 -541 -546 -529 -492
-452 -400 -356 -300 -255 -205 -160 -99 -39 28 73 74 -3 -126 -274 -337 -321
-215 -125 -56 -35 -41 -8 34 40 31 -20 -59 -35 -37 24 102 176 211 283 321
346 327 346 386 445 504 555 602 643 677 688 661 620 543 429 266 69 -164
-400 -642 -909 -1178 
-1188 -1035 -886 -763 -674 -611 -564 -517 -484 -462 -457 -468 -488 -517
-538 -554 -552 -542 -517 -505 -512 -528 -558 -562 -528 -467 -409 -379 -379
-406 -435 -472 -435 -394 -347 -328 -323 -342 -371 -415 -443 -478 -468 -429
-375 -320 -251 -182 -110 -50 23 85 167 241 310 333 292 185 23 -114 -114 -30
102 183 237 243 252 282 314 305 274 242 234 277 298 375 455 513 551 611 639
658 655 701 744 786 837 882 918 939 939 907 844 746 589 406 182 -74 -340
-611 -894 -1177 
-1187 -1030 -877 -753 -661 -599 -539 -484 -430 -398 -379 -381 -404 -433
-466 -483 -501 -486 -467 -443 -439 -463 -504 -528 -506 -432 -347 -290 -273
-288 -329 -371 -429 -382 -328 -269 -238 -229 -251 -287 -331 -368 -394 -369
-322 -260 -194 -107 -20 72 152 253 336 437 508 563 567 495 360 185 114 191
301 408 477 526 529 545 578 578 555 527 521 555 601 645 720 779 822 866 919
932 957 977 1011 1056 1079 1122 1152 1160 1145 1104 1021 883 706 491 251
-17 -301 -595 -888 -1177 
-1187 -1028 -872 -748 -657 -591 -533 -460 -395 -341 -311 -302 -310 -336
-370 -402 -410 -417 -393 -373 -361 -379 -415 -455 -455 -392 -298 -216 -174
-176 -209 -276 -341 -410 -344 -262 -181 -142 -135 -163 -205 -254 -297 -318
-290 -245 -180 -104 4 114 236 345 468 573 675 745 787 758 664 530 387 392
498 608 700 749 787 806 815 828 805 788 794 812 863 917 959 1010 1057 1099
1142 1179 1193 1218 1258 1267 1305 1318 1342 1337 1307 1245 1133 967 755
516 244 -42 -323 -607 -892 -1177 
-1187 -1026 -870 -746 -657 -595 -532 -463 -382 -311 -262 -236 -233 -246
-269 -298 -321 -321 -314 -288 -282 -280 -310 -348 -366 -332 -245 -162 -99
-79 -106 -169 -271 -365 -398 -287 -170 -84 -53 -53 -90 -146 -214 -269 -290
-277 -230 -152 -60 78 232 387 526 661 779 877 941 964 922 828 714 607 654
772 876 944 988 1022 1038 1028 1031 1015 1025 1039 1091 1143 1177 1215 1256
1298 1338 1364 1393 1424 1443 1471 1472 1494 1494 1476 1423 1327 1188 983
736 439 134 -158 -417 -646 -908 -1178 
-1187 -1025 -868 -745 -659 -601 -548 -476 -393 -306 -241 -196 -175 -174
-182 -202 -221 -229 -218 -212 -194 -191 -201 -228 -251 -237 -187 -110 -44
-6 -17 -82 -190 -305 -370 -314 -186 -75 -3 18 -4 -64 -145 -235 -311 -348
-325 -272 -173 -22 164 354 534 697 827 951 1046 1104 1115 1070 978 887 813
892 998 1090 1147 1187 1211 1216 1204 1211 1213 1243 1278 1326 1367 1395
1426 1464 1499 1525 1552 1583 1609 1615 1628 1622 1615 1573 1499 1379 1193
965 648 306 -50 -322 -518 -692 -924 -1179 
-1187 -1024 -867 -743 -658 -604 -563 -497 -410 -324 -244 -183 -142 -122
-120 -121 -130 -136 -139 -128 -117 -106 -107 -117 -126 -132 -106 -58 3 49
52 0 -97 -191 -257 -281 -204 -89 3 51 47 -6 -101 -221 -335 -409 -420 -384
-306 -149 47 265 481 669 839 973 1099 1191 1240 1243 1191 1115 1047 1002
1085 1178 1259 1311 1346 1361 1363 1358 1379 1396 1438 1477 1516 1545 1572
1603 1627 1658 1687 1710 1727 1737 1731 1725 1693 1638 1544 1396 1204 921
611 206 -131 -388 -551 -712 -931 -1179 
-1187 -1023 -865 -740 -655 -603 -563 -515 -437 -347 -263 -185 -132 -98 -80
-73 -69 -69 -68 -62 -49 -37 -28 -29 -33 -30 -23 3 49 92 108 78 12 -57 -124
-160 -163 -97 -7 57 71 28 -73 -216 -347 -431 -457 -455 -398 -270 -74 141
371 597 790 965 1104 1224 1315 1351 1346 1298 1240 1193 1165 1245 1329 1401
1451 1478 1482 1493 1499 1525 1558 1600 1633 1664 1686 1712 1741 1766 1789
1811 1819 1822 1811 1789 1745 1672 1564 1408 1192 928 586 278 -45 -310 -511
-690 -924 -1179 
-1187 -1023 -864 -739 -653 -600 -552 -507 -447 -370 -281 -203 -140 -97 -73
-58 -47 -37 -29 -17 -7 9 22 27 30 34 44 63 95 132 153 146 110 63 17 -32 -56
-45 3 58 83 51 -41 -174 -299 -387 -454 -462 -420 -323 -173 35 254 484 702
903 1079 1225 1333 1410 1439 1433 1396 1350 1321 1316 1383 1462 1525 1560
1583 1592 1605 1624 1657 1691 1726 1753 1778 1799 1825 1849 1871 1882 1888
1882 1867 1831 1775 1692 1566 1407 1193 946 687 394 108 -162 -409 -643 -907
-1178 
-1187 -1023 -865 -740 -654 -596 -551 -493 -431 -364 -295 -219 -155 -114 -90
-75 -61 -47 -28 -11 7 23 35 43 44 49 64 91 125 165 193 198 188 164 132 96
58 43 62 86 103 83 14 -90 -187 -287 -397 -435 -402 -315 -175 -17 188 391
602 809 1007 1181 1314 1412 1482 1510 1509 1481 1451 1445 1457 1515 1575
1621 1649 1672 1688 1705 1730 1761 1790 1818 1839 1861 1882 1906 1922 1931
1932 1922 1899 1856 1795 1702 1581 1421 1247 1033 799 537 262 -16 -301 -589
-880 -1176 
-1187 -1024 -867 -743 -656 -602 -551 -494 -418 -348 -284 -226 -173 -139
-125 -114 -104 -85 -65 -42 -20 -2 11 11 2 1 26 73 125 176 214 238 243 236
222 195 163 136 129 144 147 132 89 20 -60 -154 -256 -369 -373 -282 -147 24
194 372 544 734 924 1102 1257 1379 1474 1540 1571 1574 1559 1548 1556 1573
1619 1665 1699 1727 1747 1762 1785 1808 1835 1858 1878 1896 1913 1931 1946
1955 1954 1943 1914 1873 1806 1720 1602 1473 1318 1129 905 657 390 103 -213
-527 -853 -1174 
-1187 -1024 -868 -744 -659 -605 -564 -498 -422 -340 -272 -219 -179 -162
-161 -164 -155 -141 -125 -104 -78 -53 -45 -56 -80 -88 -42 30 107 168 222
257 278 284 278 263 240 215 201 201 202 189 162 119 58 -17 -113 -214 -317
-277 -130 53 237 411 573 720 878 1040 1189 1328 1442 1530 1592 1622 1633
1632 1636 1646 1668 1704 1734 1762 1781 1799 1815 1836 1854 1872 1889 1903
1917 1933 1945 1953 1952 1943 1920 1879 1820 1736 1640 1520 1374 1194 980
732 461 156 -161 -493 -840 -1174 
-1187 -1024 -867 -743 -659 -607 -564 -511 -429 -344 -268 -210 -177 -174
-191 -206 -204 -197 -184 -172 -148 -122 -112 -127 -158 -144 -80 1 84 163
219 266 293 304 304 295 281 263 251 244 241 231 212 181 138 86 19 -71 -155
-249 -167 19 242 444 617 765 905 1031 1164 1289 1403 1503 1580 1637 1670
1688 1694 1704 1720 1739 1762 1780 1794 1807 1822 1835 1846 1857 1866 1877
1891 1906 1922 1929 1933 1925 1909 1874 1822 1753 1663 1548 1397 1218 995
737 444 128 -197 -523 -851 -1174 
-1187 -1022 -863 -739 -653 -602 -561 -500 -431 -346 -267 -206 -175 -176
-198 -222 -232 -227 -220 -211 -202 -179 -170 -176 -152 -124 -71 11 87 156
219 264 292 302 301 293 282 271 259 253 251 245 230 205 173 138 100 56 -11
-81 -180 -72 149 396 620 804 952 1075 1185 1289 1383 1476 1563 1627 1683
1715 1734 1745 1754 1765 1773 1778 1782 1790 1800 1808 1808 1810 1812 1816
1832 1854 1873 1889 1892 1894 1881 1856 1810 1745 1655 1535 1379 1180 940
647 328 0 -313 -592 -877 -1176 
-1187 -1020 -860 -732 -643 -590 -540 -482 -407 -330 -258 -200 -169 -173
-197 -225 -225 -215 -204 -198 -193 -202 -188 -140 -106 -60 -12 44 110 169
217 255 278 281 272 262 251 238 228 229 230 231 221 193 159 134 123 125 115
59 -11 -116 14 258 542 790 974 1116 1230 1323 1404 1482 1555 1628 1681 1727
1754 1768 1775 1776 1768 1754 1742 1746 1754 1755 1749 1734 1721 1722 1739
1775 1810 1829 1841 1847 1842 1821 1781 1715 1621 1495 1325 1105 826 512
158 -173 -434 -645 -902 -1177 
-1186 -1018 -854 -724 -630 -565 -511 -447 -375 -302 -236 -182 -158 -162
-187 -209 -210 -195 -181 -170 -170 -172 -148 -101 -46 5 51 96 141 186 218
241 251 248 229 211 193 176 172 177 188 202 193 159 112 86 105 147 185 192
141 70 -46 106 389 687 933 1121 1261 1367 1443 1507 1573 1634 1690 1729
1761 1775 1777 1766 1742 1711 1681 1681 1684 1688 1670 1636 1607 1593 1627
1681 1731 1766 1784 1791 1791 1775 1740 1679 1581 1449 1267 1026 753 409 67
-237 -469 -664 -910 -1178 
-1186 -1016 -850 -717 -620 -543 -472 -402 -332 -264 -205 -161 -139 -145
-165 -178 -187 -182 -170 -162 -159 -150 -125 -74 -14 42 89 132 166 192 210
215 213 198 177 149 120 104 103 116 149 170 161 119 64 32 64 139 213 269
290 238 167 62 228 528 817 1065 1246 1371 1463 1527 1584 1643 1694 1734
1757 1767 1758 1734 1692 1647 1603 1591 1604 1607 1583 1532 1468 1456 1506
1581 1653 1700 1722 1731 1728 1720 1691 1637 1549 1417 1237 1022 742 459
135 -155 -406 -638 -901 -1177 
-1186 -1014 -848 -713 -610 -524 -436 -360 -284 -222 -171 -134 -115 -117
-130 -145 -158 -167 -170 -168 -165 -161 -127 -77 -14 47 100 139 162 176 179
175 159 145 116 85 52 38 43 85 121 140 127 83 24 -3 32 113 216 311 374 404
356 296 240 383 665 938 1157 1314 1420 1503 1572 1631 1688 1727 1749 1747
1722 1673 1619 1554 1511 1496 1516 1527 1504 1424 1338 1321 1391 1493 1582
1634 1657 1664 1665 1653 1639 1590 1516 1403 1255 1062 833 560 278 -13 -307
-590 -879 -1176 
-1186 -1014 -847 -711 -605 -507 -418 -330 -257 -191 -146 -110 -89 -85 -94
-109 -131 -154 -168 -173 -170 -157 -143 -94 -38 25 76 112 131 133 137 123
109 78 57 20 2 -7 34 69 97 101 86 45 -2 -23 1 81 189 308 421 494 528 501
476 478 561 784 1006 1177 1310 1424 1520 1603 1668 1715 1733 1721 1672 1593
1513 1441 1405 1412 1433 1457 1429 1339 1239 1231 1324 1442 1521 1573 1594
1598 1592 1587 1569 1536 1473 1379 1250 1088 889 650 380 86 -220 -535 -858
-1175 
-1186 -1015 -849 -713 -605 -507 -412 -329 -254 -196 -144 -105 -77 -61 -60
-78 -105 -138 -161 -158 -144 -133 -122 -119 -68 -21 27 61 74 88 85 94 63 20
-17 -28 -37 -5 25 48 53 53 36 10 -16 -26 -8 46 148 276 411 534 615 662 680
681 692 727 873 1019 1180 1327 1461 1567 1646 1697 1717 1694 1623 1512 1384
1313 1296 1320 1364 1395 1371 1276 1187 1215 1309 1406 1485 1525 1531 1529
1516 1503 1490 1466 1416 1329 1203 1057 876 656 399 113 -198 -518 -851
-1174 
-1186 -1017 -852 -718 -613 -521 -435 -355 -290 -237 -186 -136 -92 -56 -43
-51 -79 -115 -137 -129 -107 -91 -88 -93 -104 -68 -32 -2 27 37 73 72 33 -25
-57 -63 -41 -13 7 2 0 -7 -7 -12 -7 1 7 44 114 231 366 512 641 742 807 848
859 872 885 992 1122 1272 1415 1536 1627 1686 1706 1674 1595 1462 1324 1237
1206 1245 1300 1342 1317 1234 1170 1220 1307 1392 1451 1472 1473 1456 1427
1400 1387 1373 1335 1253 1130 978 801 584 333 60 -234 -546 -864 -1175 
-1187 -1019 -857 -725 -625 -548 -473 -409 -362 -318 -267 -205 -136 -80 -47
-39 -52 -80 -99 -90 -68 -50 -47 -59 -77 -100 -73 -42 -17 40 64 58 17 -41
-71 -67 -44 -30 -35 -38 -52 -43 -27 -1 19 33 42 59 99 177 310 452 605 748
863 944 999 1022 1053 1106 1173 1282 1410 1525 1620 1682 1704 1675 1592
1487 1377 1291 1241 1202 1260 1275 1264 1201 1159 1218 1304 1368 1402 1415
1414 1379 1321 1274 1248 1249 1218 1144 1027 867 682 461 224 -43 -318 -598
-888 -1177 
-1187 -1021 -861 -732 -639 -574 -515 -473 -441 -422 -373 -297 -211 -137 -82
-52 -42 -49 -58 -53 -35 -19 -15 -26 -48 -61 -84 -59 2 42 59 39 -5 -47 -72
-65 -55 -59 -63 -69 -48 -30 -5 20 42 49 52 57 67 133 242 386 544 703 857
984 1077 1145 1197 1241 1293 1358 1448 1546 1630 1688 1710 1689 1630 1544
1458 1379 1312 1265 1193 1212 1195 1171 1146 1209 1276 1320 1333 1360 1361
1315 1214 1103 1079 1070 1049 985 873 722 535 319 87 -165 -417 -653 -915
-1178 
-1187 -1022 -864 -738 -650 -593 -553 -518 -507 -489 -464 -394 -309 -223
-156 -101 -63 -38 -27 -22 -9 -1 0 -6 -14 -26 -31 -19 18 46 41 10 -31 -62
-70 -71 -76 -84 -84 -58 -28 5 26 42 47 44 35 25 43 90 183 319 484 653 817
977 1107 1205 1283 1345 1398 1452 1516 1586 1652 1700 1721 1709 1665 1602
1529 1445 1373 1280 1216 1138 1137 1116 1149 1187 1226 1243 1280 1306 1328
1284 1124 944 840 821 804 748 652 512 343 151 -66 -290 -508 -708 -939 -1180 
-1187 -1024 -867 -742 -656 -602 -566 -536 -493 -473 -464 -459 -394 -332
-261 -183 -106 -52 -20 -1 6 6 1 -4 -4 -2 5 19 33 37 13 -26 -63 -79 -81 -86
-94 -98 -77 -43 -2 28 46 47 40 28 14 9 18 54 133 262 425 610 787 945 1098
1223 1322 1403 1468 1525 1576 1628 1678 1715 1731 1724 1691 1638 1571 1484
1391 1301 1194 1123 1084 1107 1125 1153 1165 1179 1225 1291 1320 1265 1097
794 571 500 455 438 356 232 85 -48 -218 -404 -575 -746 -958 -1181 
-1187 -1025 -868 -745 -658 -602 -557 -509 -466 -435 -428 -431 -446 -425
-356 -269 -170 -89 -32 0 12 10 -2 -15 -14 -5 9 23 28 21 -10 -56 -86 -95 -94
-94 -100 -93 -69 -29 11 39 50 41 29 16 9 7 8 32 105 213 384 569 765 933
1072 1216 1331 1430 1507 1571 1617 1660 1695 1720 1732 1727 1702 1655 1583
1503 1398 1277 1177 1103 1092 1086 1107 1117 1123 1163 1226 1289 1319 1271
1093 778 389 155 118 78 21 -76 -163 -253 -356 -489 -604 -763 -966 -1182 
-1187 -1025 -869 -746 -659 -600 -552 -506 -465 -432 -410 -404 -401 -394
-408 -334 -245 -149 -66 -16 8 11 -1 -18 -31 -23 -12 1 10 2 -26 -66 -92 -101
-97 -92 -83 -72 -49 -16 19 41 46 34 14 5 4 12 19 37 86 206 340 539 727 910
1066 1193 1328 1436 1523 1589 1638 1670 1697 1711 1717 1718 1700 1658 1598
1510 1392 1275 1162 1124 1119 1115 1103 1108 1136 1179 1239 1291 1313 1274
1128 848 467 88 -71 -125 -176 -231 -289 -349 -413 -474 -596 -754 -962 -1182 
-1187 -1025 -869 -745 -659 -604 -564 -530 -499 -472 -435 -398 -360 -343
-337 -365 -319 -204 -117 -42 -5 9 3 -15 -31 -44 -34 -23 -16 -17 -32 -56 -79
-85 -83 -67 -53 -38 -22 2 26 38 34 13 -13 -38 -26 8 48 77 117 200 352 501
702 874 1045 1194 1316 1435 1523 1594 1641 1667 1675 1677 1683 1690 1686
1663 1608 1523 1414 1283 1209 1181 1178 1170 1159 1156 1173 1204 1244 1278
1293 1265 1165 962 653 356 168 70 -6 -64 -139 -216 -299 -403 -544 -724 -947
-1181 
-1187 -1025 -868 -744 -657 -604 -571 -547 -527 -509 -484 -419 -362 -307
-284 -279 -278 -265 -156 -87 -27 -2 2 -11 -31 -44 -53 -45 -39 -36 -34 -38
-46 -49 -44 -35 -20 -9 3 15 25 25 4 -35 -85 -111 -108 -22 60 129 192 261
376 535 685 874 1032 1185 1324 1426 1522 1592 1632 1642 1629 1619 1627 1643
1661 1654 1616 1544 1443 1346 1290 1270 1256 1245 1231 1226 1225 1234 1239
1242 1240 1227 1173 1052 870 690 526 404 313 219 118 10 -124 -284 -473 -681
-928 -1180 
-1187 -1024 -868 -743 -655 -600 -555 -521 -500 -482 -465 -461 -385 -319
-254 -218 -203 -197 -208 -114 -61 -20 -8 -13 -26 -44 -52 -57 -55 -49 -33
-17 -10 -7 -3 0 -1 1 3 8 6 -9 -50 -116 -179 -233 -174 -80 43 152 257 352
458 590 738 884 1052 1199 1328 1438 1523 1586 1619 1606 1565 1541 1543 1581
1618 1636 1619 1566 1491 1419 1380 1356 1342 1323 1306 1292 1279 1259 1223
1172 1147 1135 1126 1084 1013 913 808 697 586 472 350 200 27 -177 -398 -639
-909 -1178 
-1187 -1024 -867 -742 -654 -593 -545 -495 -457 -432 -422 -418 -430 -349
-274 -200 -156 -140 -134 -156 -81 -50 -24 -18 -21 -31 -41 -47 -48 -42 -26 1
20 28 29 18 0 -19 -30 -35 -43 -66 -121 -207 -294 -286 -227 -105 6 143 272
409 530 659 803 937 1076 1226 1348 1451 1531 1586 1603 1564 1493 1432 1436
1480 1555 1607 1616 1589 1538 1484 1451 1426 1405 1388 1369 1351 1325 1282
1212 1110 1015 998 994 1029 1031 1008 955 874 768 643 494 320 117 -112 -351
-615 -897 -1177 
-1187 -1023 -866 -743 -655 -598 -544 -497 -443 -401 -374 -374 -387 -398
-307 -222 -147 -105 -94 -94 -118 -68 -46 -26 -17 -16 -19 -22 -24 -19 -2 19
41 53 45 20 -23 -70 -97 -110 -117 -145 -199 -282 -342 -326 -230 -130 1 117
262 401 560 703 847 984 1115 1250 1368 1464 1541 1587 1588 1529 1415 1314
1289 1364 1475 1567 1608 1601 1566 1524 1484 1456 1434 1421 1408 1388 1358
1307 1226 1114 957 809 837 879 943 974 974 926 834 706 543 346 129 -108
-357 -613 -895 -1177 
-1187 -1022 -865 -742 -658 -604 -562 -512 -461 -406 -359 -331 -337 -353
-339 -245 -163 -99 -66 -64 -74 -91 -56 -35 -14 1 7 11 9 16 27 46 61 66 53
15 -49 -129 -188 -195 -209 -226 -269 -325 -358 -322 -242 -121 -8 124 251
401 548 716 867 1016 1146 1265 1378 1472 1541 1583 1575 1497 1348 1184 1139
1251 1415 1529 1591 1602 1578 1535 1486 1440 1417 1411 1407 1397 1375 1331
1266 1155 1000 829 647 705 755 839 876 864 790 658 482 272 40 -187 -407
-642 -907 -1178 
-1187 -1021 -863 -740 -658 -610 -577 -542 -496 -440 -374 -319 -292 -289
-293 -261 -176 -105 -57 -39 -46 -58 -65 -38 -13 12 30 40 46 48 60 71 79 77
57 11 -54 -143 -234 -287 -285 -301 -327 -355 -329 -303 -231 -128 3 137 272
415 563 716 875 1019 1161 1280 1380 1470 1539 1571 1555 1469 1293 1088 1004
1162 1352 1493 1565 1587 1571 1525 1460 1392 1352 1349 1361 1371 1369 1348
1298 1214 1087 907 723 489 552 607 690 698 642 519 334 98 -133 -332 -502
-689 -927 -1179 
-1187 -1020 -860 -737 -655 -610 -586 -565 -536 -480 -408 -332 -272 -243
-229 -220 -176 -107 -53 -24 -21 -35 -46 -33 -7 20 46 62 71 78 84 88 89 80
58 19 -49 -131 -225 -311 -354 -355 -372 -343 -323 -263 -205 -101 16 153 302
449 598 740 887 1034 1160 1286 1385 1467 1526 1550 1530 1437 1261 1022 910
1076 1290 1443 1529 1558 1545 1497 1417 1319 1250 1237 1268 1307 1333 1339
1320 1261 1162 1017 811 586 320 374 416 451 403 308 124 -105 -352 -477 -583
-731 -945 -1181 
-1187 -1018 -858 -733 -649 -603 -578 -571 -556 -522 -447 -364 -284 -222
-185 -160 -142 -95 -44 -10 -3 -12 -24 -26 -3 28 55 72 83 89 92 91 85 74 55
22 -32 -112 -219 -314 -355 -386 -368 -363 -300 -247 -155 -71 59 198 339 489
637 783 922 1053 1182 1287 1387 1461 1509 1523 1490 1396 1225 991 843 988
1211 1378 1480 1518 1508 1451 1354 1218 1111 1082 1131 1203 1265 1306 1310
1282 1212 1098 931 687 435 157 166 139 123 45 -69 -300 -420 -515 -600 -742
-950 -1181 
-1186 -1017 -854 -728 -640 -587 -557 -542 -542 -522 -481 -398 -314 -233
-172 -128 -95 -68 -26 6 14 5 -11 -15 0 29 55 71 76 78 78 73 65 54 38 18 -22
-95 -195 -288 -349 -363 -383 -355 -316 -216 -134 -10 111 251 393 535 683
829 959 1085 1192 1299 1381 1445 1480 1476 1433 1335 1173 974 788 907 1117
1316 1426 1470 1458 1396 1273 1103 943 890 958 1071 1176 1246 1276 1268
1228 1151 1020 829 559 308 34 -59 -119 -93 -227 -253 -350 -429 -557 -720
-941 -1180 
-1186 -1015 -851 -722 -630 -570 -526 -499 -485 -481 -458 -425 -346 -270
-194 -130 -76 -34 -2 24 28 15 -2 -8 -2 22 46 59 56 50 45 44 32 22 10 0 -21
-72 -156 -242 -298 -327 -356 -365 -308 -224 -93 30 176 313 453 593 730 865
994 1106 1211 1298 1370 1414 1431 1415 1354 1245 1093 902 804 799 1075 1266
1375 1415 1401 1330 1192 985 758 689 776 943 1091 1180 1219 1222 1210 1165
1079 933 737 487 269 108 18 -118 -74 -120 -188 -316 -481 -679 -924 -1179 
-1186 -1013 -846 -716 -621 -551 -495 -450 -425 -413 -411 -395 -375 -318
-249 -167 -86 -21 21 41 40 23 1 -14 -8 7 31 41 35 16 13 4 -1 -15 -22 -23
-28 -51 -110 -172 -220 -263 -307 -331 -299 -199 -74 83 231 375 511 644 777
900 1020 1130 1223 1294 1344 1372 1367 1322 1242 1120 948 818 710 899 1076
1242 1328 1354 1331 1253 1108 872 601 485 623 838 1003 1099 1134 1157 1158
1145 1097 1008 872 709 551 407 277 188 117 66 -43 -202 -406 -636 -906 -1178 
-1186 -1009 -840 -707 -613 -541 -458 -400 -361 -343 -338 -353 -370 -370
-320 -231 -121 -32 30 56 50 26 -3 -23 -29 -12 12 24 15 -2 -23 -25 -32 -35
-47 -47 -39 -43 -65 -98 -136 -177 -216 -246 -232 -156 -18 129 288 434 567
698 815 935 1042 1141 1218 1273 1306 1311 1278 1211 1097 929 789 649 800
956 1123 1225 1277 1277 1243 1171 1019 779 494 363 515 741 905 995 1039
1057 1080 1088 1074 1034 962 869 756 639 528 426 324 206 68 -117 -341 -604
-890 -1177 
-1185 -1005 -833 -698 -602 -518 -428 -345 -292 -261 -263 -286 -341 -383
-376 -293 -178 -61 21 59 56 23 -10 -34 -41 -30 -3 9 -1 -25 -37 -43 -41 -50
-49 -49 -53 -43 -36 -37 -51 -80 -107 -121 -113 -59 46 196 348 495 627 747
860 961 1059 1134 1196 1230 1242 1225 1175 1079 918 742 574 700 833 1008
1127 1189 1201 1185 1147 1069 924 700 442 288 428 639 796 875 915 942 969
998 1013 1007 979 928 855 768 669 562 444 303 137 -67 -307 -583 -881 -1176 
-1185 -1001 -824 -684 -584 -488 -385 -281 -212 -179 -173 -210 -281 -362
-388 -346 -238 -113 -8 50 50 20 -20 -37 -28 -16 -5 9 -10 -30 -41 -35 -38
-32 -38 -45 -47 -47 -18 8 18 17 9 17 44 77 148 272 422 558 687 798 899 989
1061 1120 1152 1165 1153 1121 1058 945 769 529 575 687 885 1016 1091 1116
1108 1076 1032 959 824 614 373 227 346 542 678 744 772 802 843 885 916 935
935 911 863 798 714 610 482 335 159 -53 -307 -583 -882 -1176 
-1185 -997 -816 -671 -559 -451 -337 -220 -127 -83 -77 -110 -186 -279 -344
-360 -296 -177 -58 23 43 11 -20 -16 6 20 38 32 19 -10 -23 -21 -2 -3 -2 -14
-32 -31 -10 44 80 101 120 153 192 235 285 372 500 631 741 843 928 998 1049
1078 1084 1070 1043 996 922 813 635 532 490 723 889 990 1024 1021 992 959
911 843 707 512 295 167 266 436 547 600 614 650 697 750 799 835 855 845 814
761 687 586 460 307 126 -85 -329 -603 -890 -1177 
-1185 -995 -811 -662 -545 -420 -293 -164 -57 19 34 12 -51 -143 -236 -299
-318 -240 -127 -22 28 20 -5 14 54 83 98 103 77 52 28 19 32 56 53 48 29 8 30
73 142 182 224 270 322 379 431 495 594 695 795 872 936 980 1006 1009 990
955 913 849 773 659 557 449 598 739 875 937 938 908 872 833 794 719 591 399
213 113 197 335 420 439 464 483 541 612 676 728 755 755 731 687 619 518 396
240 58 -148 -376 -628 -904 -1178 
-1184 -992 -809 -662 -546 -420 -268 -127 3 98 151 141 102 18 -86 -179 -235
-268 -185 -80 13 44 22 52 94 151 179 183 171 143 119 95 92 112 140 135 114
103 99 142 206 272 322 377 439 498 560 625 687 764 830 884 916 930 932 913
876 828 765 698 603 519 424 538 646 770 841 860 833 788 744 709 671 605 474
296 133 75 158 251 289 296 286 325 393 479 560 618 650 655 636 593 529 433
305 152 -28 -230 -439 -663 -920 -1179 
-1184 -990 -806 -666 -559 -435 -285 -117 30 155 237 271 242 184 91 -16 -99
-158 -216 -125 -22 60 95 70 133 194 259 275 279 260 226 205 180 199 224 235
226 210 223 237 292 358 422 482 543 608 670 724 779 820 853 864 864 851 825
796 751 686 616 529 452 372 470 575 684 751 784 766 719 662 614 584 557 501
382 209 72 76 129 173 177 146 135 180 272 381 470 529 556 552 529 487 426
339 214 57 -123 -312 -505 -703 -937 -1180 
-1184 -984 -799 -665 -575 -471 -327 -162 13 167 289 359 375 336 265 173 80
-10 -83 -158 -50 53 130 167 135 229 293 364 380 376 352 321 303 292 322 344
342 345 343 371 400 457 522 584 646 707 760 806 840 854 841 812 775 737 702
663 617 558 472 390 311 386 488 598 666 700 698 672 612 533 475 457 459 427
324 180 63 58 83 92 64 38 38 110 215 319 405 453 466 452 415 372 317 237
116 -41 -212 -387 -561 -738 -954 -1181 
-1183 -974 -783 -650 -572 -504 -384 -233 -56 128 287 407 467 472 430 359
272 188 88 6 -87 36 135 209 244 203 319 391 460 474 470 449 422 416 423 452
467 469 487 494 531 564 620 683 746 795 839 869 877 855 797 716 652 599 561
524 488 450 376 271 303 379 494 572 614 621 611 581 516 407 339 338 375 383
322 215 112 32 33 10 -9 -21 20 87 189 286 351 381 380 346 299 246 191 117 8
-133 -298 -454 -604 -767 -970 -1183 
-1182 -961 -757 -615 -528 -475 -435 -309 -141 53 239 397 513 566 568 526
462 383 311 202 109 -14 118 219 296 325 272 404 475 546 567 558 551 534 541
557 587 603 606 634 649 680 714 773 826 872 900 910 889 828 728 605 502 447
414 394 382 347 295 266 260 382 467 522 539 536 531 512 433 304 222 248 318
361 339 262 159 71 -10 -28 -45 -20 29 105 187 256 300 312 292 241 175 105
38 -32 -116 -232 -376 -511 -636 -790 -982 -1184 
-1181 -946 -726 -559 -447 -393 -380 -367 -228 -51 151 339 501 610 658 656
620 578 509 434 312 195 47 200 306 384 412 349 484 559 631 653 657 659 656
675 696 719 739 749 772 787 820 855 900 931 941 923 873 781 649 496 365 299
287 279 280 262 242 224 303 370 433 455 458 464 480 463 374 239 156 188 277
342 348 292 199 93 14 -38 -33 -5 52 114 177 223 244 245 221 149 50 -58 -137
-200 -257 -343 -453 -561 -668 -811 -993 -1184 
-1180 -933 -698 -512 -365 -284 -262 -283 -301 -154 26 247 440 595 694 742
747 728 692 624 532 385 245 92 284 419 496 503 429 559 641 722 751 765 774
788 811 829 847 867 882 900 909 936 958 964 947 900 821 713 570 407 264 205
189 199 200 198 199 265 315 365 388 394 393 424 452 432 335 199 117 148 241
317 340 304 224 125 39 -8 -16 10 51 100 141 165 183 186 162 80 -50 -193
-313 -353 -401 -455 -524 -600 -695 -829 -1003 -1185 
-1180 -926 -681 -477 -304 -176 -127 -148 -197 -239 -77 114 344 527 674 772
827 841 826 782 698 565 356 243 176 453 592 602 564 501 645 757 832 860 876
890 910 932 947 969 983 992 998 995 995 966 909 828 729 619 479 343 222 183
173 172 173 183 238 284 329 347 349 347 374 410 436 412 318 179 91 117 203
281 317 299 236 152 71 20 2 8 34 62 81 106 117 135 116 38 -89 -247 -382
-455 -495 -533 -573 -626 -714 -842 -1010 -1185 
-1179 -925 -676 -461 -260 -101 -3 8 -39 -98 -165 12 207 426 602 749 850 907
920 892 818 668 472 215 322 480 664 715 641 561 636 782 877 939 965 983 999
1019 1041 1053 1068 1067 1058 1040 999 930 822 703 593 486 396 287 280 258
255 242 235 243 273 309 328 332 324 334 363 403 421 396 314 195 79 87 149
227 275 279 246 177 103 47 1 -9 -7 7 27 38 67 77 74 26 -68 -202 -328 -424
-492 -542 -582 -638 -723 -850 -1014 -1186 
-1180 -931 -688 -475 -262 -66 73 144 135 67 4 -76 104 288 503 680 823 918
968 964 896 748 521 366 306 565 736 793 737 632 691 789 912 990 1039 1064
1085 1098 1112 1128 1132 1121 1090 1043 968 854 695 541 409 374 319 362 369
372 353 337 316 307 311 319 324 320 316 329 359 392 405 378 318 217 121 38
84 143 212 251 244 197 132 64 10 -42 -46 -42 -31 -14 1 17 20 2 -53 -140
-243 -345 -434 -507 -572 -636 -726 -853 -1016 -1186 
-1181 -944 -714 -511 -302 -85 101 224 270 251 174 103 -3 180 370 583 750
884 969 994 948 807 595 375 462 631 803 870 833 757 722 836 927 1029 1094
1132 1151 1169 1176 1182 1177 1147 1097 1003 894 743 585 398 344 333 413
447 479 472 446 407 376 351 333 323 317 312 313 326 351 375 380 355 302 231
139 59 -8 59 140 212 231 202 145 80 11 -40 -80 -79 -72 -65 -64 -70 -56 -58
-80 -132 -208 -301 -394 -481 -556 -632 -723 -851 -1014 -1186 
-1182 -959 -744 -559 -362 -145 73 244 353 384 355 274 185 62 261 444 649
812 931 990 974 866 663 484 524 704 855 933 930 869 841 853 966 1054 1133
1181 1208 1220 1230 1224 1202 1158 1073 975 807 662 486 472 449 485 520 561
566 548 505 456 410 370 342 324 313 309 314 325 339 346 335 308 263 204 131
47 -19 -38 77 171 204 188 143 83 19 -42 -88 -98 -94 -111 -152 -155 -161
-155 -156 -182 -239 -315 -401 -480 -562 -625 -718 -847 -1013 -1186 
-1183 -974 -773 -601 -428 -224 0 207 367 461 486 448 358 263 113 312 497
703 852 951 979 920 774 609 605 736 882 976 1000 982 944 947 991 1090 1159
1214 1246 1263 1266 1253 1219 1154 1077 942 803 616 613 602 620 629 647 647
633 594 540 476 417 368 335 315 309 309 312 315 311 293 272 234 189 135 74
1 -56 -75 39 132 167 155 115 67 11 -41 -80 -104 -108 -148 -213 -274 -270
-261 -255 -272 -311 -368 -431 -509 -554 -619 -709 -841 -1010 -1186 
-1184 -986 -796 -640 -500 -321 -109 118 313 462 549 568 530 424 305 133 346
523 726 868 951 951 878 773 704 758 881 989 1046 1055 1044 1030 1063 1115
1187 1239 1274 1292 1293 1275 1232 1172 1076 970 815 746 739 755 750 743
725 700 661 609 542 460 377 317 284 277 282 296 297 286 258 222 177 134 84
34 -26 -70 -123 -47 28 102 125 108 72 31 -6 -45 -80 -103 -110 -148 -242
-325 -356 -346 -346 -352 -380 -405 -460 -488 -539 -603 -698 -834 -1006
-1185 
-1184 -995 -815 -673 -562 -428 -241 -17 211 400 534 616 632 581 442 279 111
333 537 750 883 951 947 894 846 820 878 983 1063 1104 1111 1115 1123 1163
1214 1262 1295 1312 1311 1290 1251 1186 1106 1000 926 880 869 860 836 798
753 700 648 587 509 404 279 191 159 178 228 257 258 229 178 116 62 11 -38
-89 -125 -165 -109 -44 38 80 86 59 18 -10 -33 -61 -83 -98 -97 -134 -214
-310 -368 -382 -380 -378 -382 -408 -420 -453 -503 -581 -684 -825 -1003
-1185 
-1185 -1000 -827 -696 -601 -511 -362 -155 80 293 473 600 671 670 579 386
199 104 381 586 781 899 953 966 947 928 925 976 1063 1124 1159 1171 1187
1205 1246 1285 1313 1325 1321 1300 1261 1205 1132 1071 1019 984 953 916 864
800 727 651 586 521 437 308 169 21 -3 72 134 187 193 151 66 -9 -65 -95 -144
-164 -191 -166 -116 -28 40 74 57 15 -31 -50 -66 -76 -90 -78 -79 -106 -170
-255 -314 -338 -336 -327 -325 -336 -361 -403 -470 -557 -671 -818 -1000
-1185 
-1185 -1003 -833 -706 -620 -545 -439 -253 -33 197 398 562 670 716 666 517
332 241 173 446 621 785 886 956 995 1004 1007 1016 1060 1130 1179 1213 1229
1250 1276 1305 1325 1330 1321 1298 1266 1217 1161 1113 1068 1024 976 914
837 746 648 548 469 401 316 213 48 70 42 -26 50 89 105 54 -33 -119 -133
-134 -98 -112 -140 -168 -98 -8 59 79 54 -2 -53 -80 -82 -91 -77 -70 -67 -82
-122 -179 -216 -236 -237 -230 -236 -254 -296 -359 -442 -543 -664 -815 -998
-1185 
-1185 -1003 -833 -707 -622 -551 -441 -285 -75 146 366 537 668 740 731 630
508 396 349 263 468 604 752 875 974 1039 1063 1078 1096 1134 1192 1235 1262
1282 1302 1319 1327 1322 1306 1282 1249 1208 1159 1102 1048 990 925 850 757
645 513 387 284 223 191 84 161 162 137 71 -36 8 -6 -20 -101 -71 -47 -26 -22
-47 -85 -118 -31 47 91 103 70 13 -44 -71 -90 -76 -76 -77 -78 -76 -84 -101
-116 -119 -122 -130 -149 -193 -254 -337 -436 -544 -667 -818 -999 -1185 
-1185 -1000 -827 -699 -614 -540 -413 -245 -45 179 383 564 696 772 789 743
668 589 504 451 329 455 579 748 914 1023 1091 1122 1145 1166 1203 1246 1281
1304 1317 1322 1314 1294 1268 1237 1205 1163 1105 1032 954 872 789 700 619
488 331 207 94 84 93 213 263 291 251 160 62 -71 -57 -103 -22 26 64 69 33 -4
-67 9 72 124 145 131 90 27 -24 -68 -64 -70 -77 -102 -103 -80 -60 -40 -32
-26 -29 -53 -97 -161 -246 -347 -454 -564 -680 -825 -1003 -1185 
-1184 -994 -816 -685 -597 -512 -391 -189 27 245 447 616 744 826 857 847 804
749 692 606 524 394 445 647 815 976 1079 1144 1175 1199 1223 1259 1292 1314
1321 1309 1282 1240 1196 1155 1116 1073 1001 903 799 669 547 464 400 337
151 112 188 214 273 337 390 391 346 262 140 15 -108 -41 31 117 138 102 57
-15 69 122 172 199 192 159 96 41 -23 -36 -54 -63 -92 -84 -93 -94 -45 1 32
40 26 -17 -86 -173 -275 -388 -494 -593 -695 -832 -1005 -1185 
-1184 -987 -803 -665 -570 -468 -328 -149 86 313 510 676 800 884 929 940 919
884 839 784 695 615 571 544 737 891 1042 1134 1185 1214 1242 1271 1300 1318
1311 1277 1218 1149 1081 1020 976 918 850 723 588 455 273 210 264 171 267
301 343 404 444 474 485 463 407 320 205 62 -13 -41 109 177 161 114 25 112
177 236 257 253 224 165 107 38 8 -25 -42 -74 -56 -60 -80 -84 -31 33 73 77
46 -25 -124 -230 -339 -440 -538 -608 -704 -836 -1007 -1186 
-1183 -980 -789 -642 -530 -403 -257 -78 140 352 551 714 845 938 993 1018
1017 993 967 924 880 821 743 672 628 820 983 1094 1161 1204 1239 1272 1302
1314 1297 1236 1140 1026 914 839 768 725 639 562 387 311 331 314 213 350
421 488 523 545 563 569 547 499 425 326 200 97 -4 107 182 221 172 70 132
202 287 321 318 286 230 171 98 54 9 -19 -58 -31 -29 -43 -60 -63 1 67 100 90
32 -68 -202 -321 -412 -495 -541 -609 -700 -832 -1004 -1185 
-1183 -975 -780 -623 -484 -339 -174 2 179 383 559 728 866 970 1037 1079
1092 1086 1062 1045 1016 980 910 798 678 771 905 1021 1096 1157 1213 1263
1296 1310 1285 1208 1079 915 758 635 608 509 522 428 488 504 511 499 497
520 589 627 648 652 641 616 569 492 396 270 162 49 153 217 273 252 181 118
215 313 363 378 351 296 235 157 98 34 -4 -45 -15 -5 -15 -39 -55 1 52 106
122 85 -3 -137 -275 -408 -458 -471 -523 -592 -687 -824 -1000 -1185 
-1183 -974 -777 -617 -461 -291 -104 72 250 409 583 736 874 983 1064 1117
1145 1151 1144 1128 1117 1088 1038 941 846 751 843 917 1007 1093 1174 1244
1290 1306 1280 1200 1052 868 693 590 539 575 498 607 657 707 717 700 691
694 709 722 722 707 675 622 542 442 313 199 76 180 258 331 337 279 177 232
311 390 422 409 362 299 216 148 70 11 -34 -2 13 6 -20 -50 0 56 115 146 137
74 -52 -187 -337 -380 -396 -425 -476 -563 -668 -812 -995 -1184 
-1183 -975 -780 -623 -481 -294 -95 113 307 474 622 768 892 997 1081 1138
1176 1196 1196 1191 1178 1165 1127 1070 979 897 815 867 953 1061 1155 1229
1285 1306 1282 1206 1079 909 778 727 731 716 756 790 846 866 867 844 818
798 780 763 741 708 661 585 479 344 229 96 187 275 368 409 386 306 244 307
399 452 464 429 368 278 195 106 41 -14 21 34 32 -1 -47 -14 40 113 166 183
152 57 -63 -214 -259 -282 -311 -351 -428 -527 -651 -804 -992 -1184 
-1183 -976 -783 -634 -505 -343 -122 100 326 515 669 802 919 1018 1097 1156
1195 1220 1229 1222 1213 1198 1175 1138 1084 1007 956 932 989 1058 1151
1232 1285 1308 1291 1228 1122 1015 940 919 924 939 954 974 986 986 965 929
883 835 788 740 695 655 600 518 389 255 118 198 284 386 448 464 425 338 351
399 465 503 492 445 358 262 146 53 6 55 69 79 42 -22 -19 23 96 161 206 215
167 74 -58 -107 -145 -177 -224 -301 -398 -513 -645 -802 -991 -1184 
-1183 -976 -782 -635 -519 -356 -157 95 314 533 699 834 946 1039 1115 1172
1210 1229 1232 1222 1206 1187 1169 1146 1119 1091 1062 1055 1067 1113 1172
1241 1293 1316 1305 1256 1185 1124 1090 1076 1084 1092 1096 1096 1083 1055
1015 959 889 810 724 655 598 551 504 422 313 161 203 280 391 470 509 503
443 429 447 491 530 544 516 444 341 213 104 33 82 117 147 121 62 27 42 88
151 213 251 248 200 112 41 -4 -39 -95 -179 -284 -407 -530 -655 -806 -992
-1184 
-1183 -972 -776 -624 -493 -341 -127 97 337 537 721 858 968 1059 1129 1177
1211 1218 1208 1185 1152 1127 1097 1086 1091 1108 1121 1133 1150 1173 1217
1261 1303 1325 1319 1288 1245 1212 1191 1184 1185 1185 1175 1154 1123 1076
1014 938 842 732 619 532 476 440 398 337 229 247 284 381 470 533 556 532
512 516 539 569 587 581 531 437 302 161 84 138 173 213 216 188 138 118 131
169 222 266 297 295 250 186 130 82 24 -63 -179 -314 -447 -566 -671 -812
-994 -1185 
-1182 -966 -764 -602 -451 -268 -64 153 368 569 738 883 991 1075 1136 1175
1188 1182 1154 1106 1063 1007 979 966 1023 1088 1135 1172 1201 1230 1260
1292 1320 1335 1332 1310 1283 1258 1244 1235 1229 1217 1196 1162 1115 1048
969 873 762 634 512 430 399 376 335 287 305 337 399 473 547 590 603 589 590
596 615 631 636 606 535 424 273 177 217 246 294 311 307 276 245 218 227 260
293 335 350 340 303 250 192 120 32 -82 -224 -366 -502 -583 -678 -813 -994
-1184 
-1182 -957 -746 -575 -394 -196 15 228 425 615 782 911 1013 1086 1135 1152
1143 1109 1057 996 920 878 820 899 989 1069 1141 1190 1230 1262 1289 1314
1333 1342 1335 1310 1279 1255 1238 1227 1213 1193 1161 1118 1053 981 887
781 657 549 451 428 415 400 375 376 406 459 515 572 622 654 660 659 658 668
674 683 668 619 532 415 345 347 347 380 397 410 398 373 344 330 323 337 366
391 402 384 346 288 213 112 -13 -152 -288 -435 -497 -575 -669 -808 -991
-1184 
-1181 -949 -728 -542 -347 -130 90 296 491 666 822 942 1032 1090 1115 1108
1061 996 921 825 780 718 843 924 1015 1094 1153 1207 1243 1274 1300 1320
1336 1341 1329 1287 1234 1195 1170 1153 1135 1107 1075 1014 944 857 778 669
573 486 494 504 515 503 494 499 528 575 618 659 694 712 718 714 718 718 726
720 695 629 541 487 475 473 488 487 489 487 476 456 436 420 416 414 427 440
437 411 363 291 191 63 -91 -230 -373 -404 -467 -545 -653 -800 -988 -1184 
-1181 -940 -709 -508 -307 -79 146 360 550 714 856 969 1039 1076 1074 1027
942 845 729 664 599 783 901 1013 1085 1142 1187 1221 1250 1271 1290 1310
1330 1337 1318 1269 1181 1101 1051 1020 994 978 926 864 779 707 628 582 515
549 587 624 639 641 626 618 632 658 692 721 740 753 758 758 756 761 759 751
718 663 607 577 573 578 575 567 553 543 531 515 503 494 485 481 476 471 451
408 343 249 128 -19 -160 -309 -319 -358 -423 -521 -640 -795 -986 -1184 
-1180 -935 -695 -487 -265 -45 190 403 594 753 880 976 1028 1032 989 904 777
644 548 473 694 842 997 1088 1151 1188 1213 1226 1234 1243 1261 1287 1316
1328 1312 1259 1176 1050 952 878 863 807 749 688 633 544 546 524 599 658
712 745 758 747 722 696 685 694 713 734 749 760 769 775 781 783 783 770 741
708 674 656 645 634 620 598 576 561 552 544 540 536 530 522 509 484 438 369
278 163 23 -96 -229 -223 -249 -295 -391 -506 -636 -793 -985 -1184 
-1180 -930 -685 -464 -240 -7 219 441 625 776 889 960 980 945 857 724 566
437 348 595 774 953 1061 1140 1183 1203 1205 1197 1179 1184 1204 1254 1298
1316 1309 1270 1192 1099 1010 925 794 713 647 602 567 581 551 635 710 785
827 848 840 812 764 708 669 655 664 681 706 721 743 759 776 786 788 780 765
743 723 704 681 655 617 576 543 523 520 526 538 546 546 540 520 481 415 316
197 56 -68 -160 -124 -135 -158 -245 -362 -503 -631 -791 -984 -1184 
-1180 -930 -682 -455 -224 16 247 454 643 779 873 905 884 800 667 496 352
246 495 688 890 1023 1110 1156 1175 1171 1152 1115 1103 1093 1157 1226 1276
1301 1304 1282 1235 1178 1114 1029 938 851 787 744 728 709 736 777 839 885
913 912 888 839 770 676 586 548 532 567 595 640 673 711 741 762 771 775 769
758 745 724 694 647 582 509 447 422 419 454 489 517 534 535 516 474 400 296
164 34 -69 -38 -22 -23 -86 -195 -340 -476 -622 -785 -981 -1184 
-1180 -934 -689 -466 -233 6 246 459 629 757 815 810 729 590 421 282 165 419
624 830 967 1065 1119 1135 1119 1093 1041 1012 982 1066 1144 1207 1254 1281
1289 1282 1261 1233 1191 1138 1081 1028 980 941 910 896 901 921 942 960 960
942 905 851 772 668 520 383 388 381 446 503 569 626 676 711 740 751 752 747
737 722 690 634 555 446 342 258 277 325 394 447 488 507 503 470 412 323 218
122 98 84 96 62 -23 -150 -296 -459 -608 -775 -976 -1183 
-1181 -943 -709 -492 -270 -22 209 429 592 686 711 658 527 344 195 92 349
555 780 921 1017 1069 1085 1066 1023 952 909 860 968 1065 1144 1195 1225
1245 1254 1256 1252 1242 1223 1196 1165 1133 1102 1071 1047 1030 1021 1014
1009 995 973 943 902 852 782 678 540 386 198 222 252 333 419 506 579 645
692 711 714 712 709 702 678 629 551 452 327 196 110 184 247 335 400 449 468
463 429 374 308 257 222 212 182 127 28 -106 -266 -427 -589 -763 -969 -1183 
-1181 -955 -734 -539 -316 -89 152 355 505 570 546 449 285 131 26 280 494
718 864 965 1012 1024 1000 946 855 796 724 851 965 1067 1127 1158 1172 1183
1194 1205 1212 1211 1207 1195 1178 1160 1143 1126 1111 1095 1078 1056 1028
994 953 913 873 832 782 703 593 431 263 53 77 133 237 353 465 568 627 652
654 651 660 666 656 623 567 486 381 265 150 6 89 163 267 349 408 437 434
409 376 343 316 284 241 167 62 -74 -226 -391 -568 -749 -963 -1182 
-1182 -966 -758 -584 -399 -178 49 245 360 389 330 195 62 -26 214 428 652
800 899 947 953 920 860 760 670 576 717 853 973 1044 1077 1083 1084 1094
1115 1134 1145 1145 1150 1147 1133 1129 1120 1115 1107 1095 1076 1049 1008
955 901 851 811 787 760 715 629 505 326 143 -71 -42 42 193 356 485 550 574
575 570 587 607 617 605 571 515 440 342 206 59 -107 -17 85 221 329 386 409
409 397 379 354 317 265 189 80 -46 -198 -365 -545 -737 -957 -1182 
-1183 -971 -772 -614 -483 -290 -88 80 167 160 74 -24 -84 147 352 575 724
821 865 870 835 764 644 539 426 563 719 865 951 986 984 972 963 985 1014
1038 1047 1063 1064 1054 1048 1042 1048 1052 1052 1048 1030 1001 954 891
817 758 724 709 711 694 642 544 405 209 15 -182 -95 73 263 392 457 474 466
473 488 527 554 563 546 509 458 376 252 81 -88 -211 -69 109 239 316 355 368
370 366 350 317 265 187 86 -41 -189 -359 -535 -730 -955 -1181 
-1183 -968 -768 -619 -503 -407 -235 -118 -61 -82 -139 -151 75 275 490 630
722 762 771 737 662 534 398 264 400 571 735 840 886 879 848 817 827 860 894
912 939 945 940 935 920 916 935 956 964 953 949 920 873 797 712 641 607 616
634 640 613 545 428 259 26 -133 -220 -11 163 294 345 341 343 338 380 426
471 492 492 467 427 360 248 83 -125 -271 -169 15 156 236 274 296 309 313
309 286 240 167 66 -59 -206 -364 -541 -733 -956 -1181 
-1182 -959 -752 -594 -480 -392 -361 -277 -238 -260 -208 -5 197 397 528 609
632 644 615 549 419 263 101 201 400 584 708 766 764 718 665 645 674 701 746
787 796 801 782 762 752 769 797 827 834 842 826 808 755 680 572 498 472 498
530 554 546 495 396 247 48 -210 -193 -109 69 175 202 200 174 204 253 316
368 400 401 390 352 293 192 31 -174 -313 -223 -54 74 137 173 190 220 238
240 227 191 124 25 -100 -234 -389 -557 -743 -960 -1182 
-1181 -947 -726 -554 -414 -331 -291 -316 -282 -166 -45 131 302 419 483 492
493 465 418 296 139 -45 -27 198 402 550 622 631 584 517 452 459 473 530 583
620 639 618 581 546 555 589 634 664 686 682 687 651 606 515 410 325 324 358
404 433 440 406 323 197 17 -147 -288 -178 -54 42 53 7 14 48 116 187 245 277
289 271 247 188 90 -54 -232 -348 -264 -116 -22 26 35 70 101 137 150 146 118
58 -35 -152 -281 -425 -583 -757 -967 -1182 
-1181 -937 -704 -515 -361 -245 -192 -158 -100 -6 111 222 315 353 338 318
288 264 183 40 -153 -200 -2 193 362 451 471 428 365 272 249 222 282 348 406
442 430 393 347 335 331 380 437 475 491 513 501 483 408 311 192 143 142 195
251 292 302 273 207 98 -36 -194 -276 -308 -162 -103 -132 -154 -170 -114 -35
44 102 141 143 139 103 41 -48 -176 -307 -383 -292 -188 -133 -129 -107 -81
-26 16 44 44 20 -29 -110 -217 -338 -469 -610 -773 -974 -1183 
-1180 -935 -696 -494 -331 -194 -101 -34 35 107 173 216 228 196 142 90 77 27
-68 -193 -301 -187 -19 151 253 289 252 192 92 55 -11 29 85 160 214 221 196
141 107 89 105 170 222 265 273 306 314 275 190 63 -28 -79 -38 23 86 132 137
105 42 -46 -164 -271 -371 -305 -268 -254 -285 -336 -324 -269 -181 -100 -44
-20 -8 -23 -62 -127 -217 -312 -417 -390 -332 -277 -276 -276 -275 -222 -165
-116 -88 -81 -96 -142 -203 -289 -399 -514 -637 -792 -984 -1184 
-1181 -942 -708 -512 -341 -207 -96 -13 51 95 117 101 54 -8 -89 -122 -156
-217 -294 -384 -336 -224 -79 28 80 66 16 -86 -130 -216 -191 -179 -109 -46
-6 0 -46 -103 -149 -162 -98 -41 9 20 75 86 98 39 -62 -175 -260 -267 -221
-149 -87 -49 -49 -86 -143 -228 -311 -408 -380 -362 -348 -381 -436 -461 -460
-401 -315 -248 -200 -186 -172 -191 -236 -302 -377 -464 -464 -444 -401 -399
-404 -432 -403 -359 -305 -258 -227 -219 -239 -263 -317 -377 -462 -563 -672
-816 -997 -1185 
-1182 -959 -742 -561 -407 -278 -179 -99 -47 -26 -42 -91 -165 -244 -294 -330
-369 -413 -473 -463 -416 -314 -218 -154 -137 -169 -244 -294 -372 -364 -398
-346 -296 -247 -220 -222 -272 -335 -380 -347 -295 -236 -230 -176 -167 -126
-146 -201 -304 -389 -438 -428 -378 -319 -267 -238 -247 -282 -335 -398 -468
-460 -447 -430 -449 -502 -534 -555 -545 -505 -440 -380 -366 -338 -342 -354
-393 -455 -518 -539 -535 -509 -502 -506 -527 -515 -512 -473 -431 -393 -368
-371 -373 -407 -432 -478 -537 -615 -715 -848 -1014 -1186 
-1184 -987 -795 -636 -509 -406 -320 -259 -221 -221 -255 -316 -388 -444 -479
-502 -527 -553 -556 -556 -511 -449 -390 -353 -359 -399 -441 -496 -504 -530
-516 -491 -452 -434 -412 -430 -466 -511 -525 -499 -454 -445 -406 -399 -357
-367 -368 -422 -485 -537 -554 -549 -514 -478 -440 -424 -438 -457 -497 -542
-553 -542 -518 -525 -559 -586 -608 -616 -610 -588 -554 -521 -492 -493 -492
-502 -534 -575 -601 -610 -603 -592 -592 -599 -602 -603 -592 -575 -543 -515
-512 -501 -516 -526 -553 -579 -619 -680 -771 -890 -1037 -1188 
-1187 -1026 -869 -739 -639 -565 -504 -456 -437 -446 -479 -530 -575 -607
-625 -637 -649 -656 -659 -648 -626 -595 -563 -552 -566 -583 -607 -622 -634
-634 -631 -616 -604 -591 -588 -598 -616 -632 -636 -626 -613 -599 -588 -564
-562 -548 -570 -593 -621 -644 -656 -652 -639 -621 -605 -600 -602 -617 -635
-651 -653 -642 -635 -641 -658 -678 -691 -697 -692 -678 -660 -641 -632 -628
-632 -642 -660 -681 -695 -698 -693 -688 -688 -691 -694 -693 -687 -675 -659
-646 -638 -637 -640 -651 -666 -688 -722 -772 -847 -946 -1067 -1190 
-1190 -1076 -963 -871 -800 -748 -707 -680 -670 -677 -698 -727 -754 -773
-784 -791 -795 -798 -797 -791 -777 -760 -748 -745 -751 -761 -770 -776 -778
-778 -774 -768 -761 -757 -756 -762 -771 -779 -782 -780 -774 -766 -754 -745
-734 -735 -742 -759 -773 -786 -793 -795 -791 -782 -776 -773 -776 -783 -792
-797 -796 -791 -788 -792 -801 -812 -820 -824 -821 -813 -803 -794 -790 -790
-793 -800 -810 -820 -827 -828 -825 -823 -823 -824 -826 -826 -822 -816 -808
-800 -796 -794 -796 -802 -813 -830 -855 -893 -947 -1018 -1105 -1193 
-1195 -1135 -1076 -1028 -990 -963 -943 -930 -926 -929 -938 -951 -963 -973
-978 -982 -984 -984 -984 -980 -974 -967 -962 -960 -963 -966 -970 -972 -973
-972 -970 -967 -964 -962 -962 -965 -970 -974 -976 -975 -972 -968 -962 -956
-952 -952 -956 -962 -971 -978 -982 -983 -982 -979 -976 -975 -977 -981 -984
-986 -985 -983 -982 -983 -988 -992 -996 -998 -997 -993 -989 -985 -983 -984
-986 -990 -994 -998 -1001 -1001 -1000 -999 -999 -1000 -1000 -1000 -999 -996
-992 -989 -987 -986 -988 -990 -996 -1005 -1019 -1039 -1067 -1105 -1150
-1196 
-1198 -1195 -1191 -1187 -1184 -1182 -1181 -1180 -1179 -1180 -1180 -1181
-1182 -1183 -1183 -1184 -1184 -1184 -1184 -1184 -1183 -1182 -1182 -1182
-1182 -1182 -1183 -1183 -1183 -1183 -1183 -1182 -1182 -1182 -1182 -1182
-1183 -1183 -1183 -1183 -1183 -1182 -1182 -1181 -1181 -1181 -1181 -1182
-1183 -1183 -1184 -1184 -1184 -1183 -1183 -1183 -1183 -1184 -1184 -1184
-1184 -1184 -1184 -1184 -1184 -1184 -1185 -1185 -1185 -1184 -1184 -1184
-1184 -1184 -1184 -1184 -1184 -1185 -1185 -1185 -1185 -1185 -1185 -1185
-1185 -1185 -1185 -1185 -1184 -1184 -1184 -1184 -1184 -1184 -1185 -1186
-1187 -1188 -1190 -1193 -1196 -1199 
